# dimensionless [l(l+1)/2pi] C_l's for tensor mode
# for l=2 to 500, i.e. number of multipoles equal to 499
#
# -> if you prefer output in CAMB/HealPix/LensPix units/order, set 'format' to 'camb' in input file
# -> if you don't want to see such a header, set 'headers' to 'no' in input file
# -> for CMB lensing (phi), these are C_l^phi-phi for the lensing potential.
#    Remember the conversion factors:
#    C_l^dd (deflection) = l(l+1) C_l^phi-phi
#    C_l^gg (shear/convergence) = 1/4 (l(l+1))^2 C_l^phi-phi
#
# 1:l     2:TT                     3:EE                     4:TE                     5:BB                     6:phiphi                 7:TPhi                   8:Ephi               
    2       1.418973310691e-10       2.172104676903e-15       1.961028473052e-13       4.064389362678e-15       0.000000000000e+00       0.000000000000e+00       0.000000000000e+00 
    3       1.086234464943e-10       2.034506030350e-15       3.334163960621e-14       3.826742587247e-15       0.000000000000e+00       0.000000000000e+00       0.000000000000e+00 
    4       9.769928440037e-11       1.670806032042e-15      -1.441427928643e-14       3.099967582416e-15       0.000000000000e+00       0.000000000000e+00       0.000000000000e+00 
    5       9.322798204898e-11       1.194252389071e-15      -2.702226139213e-14       2.255065388837e-15       0.000000000000e+00       0.000000000000e+00       0.000000000000e+00 
    6       9.067041984537e-11       7.845623965914e-16      -2.882032337608e-14       1.524569182936e-15       0.000000000000e+00       0.000000000000e+00       0.000000000000e+00 
    7       8.909616406363e-11       5.270266592884e-16      -2.803978369219e-14       1.003538047968e-15       0.000000000000e+00       0.000000000000e+00       0.000000000000e+00 
    8       8.804827829739e-11       4.216617562993e-16      -2.775545534741e-14       6.951744192887e-16       0.000000000000e+00       0.000000000000e+00       0.000000000000e+00 
    9       8.728450098541e-11       4.269210115713e-16      -2.880820157451e-14       5.576872004923e-16       0.000000000000e+00       0.000000000000e+00       0.000000000000e+00 
   10       8.666977855384e-11       4.956263668073e-16      -3.118228533381e-14       5.384489867618e-16       0.000000000000e+00       0.000000000000e+00       0.000000000000e+00 
   11       8.612872953476e-11       5.944166092505e-16      -3.461450609185e-14       5.910544847224e-16       0.000000000000e+00       0.000000000000e+00       0.000000000000e+00 
   12       8.562017250205e-11       7.056712460472e-16      -3.882959022937e-14       6.829485866900e-16       0.000000000000e+00       0.000000000000e+00       0.000000000000e+00 
   13       8.512117053043e-11       8.233343260487e-16      -4.363915937467e-14       7.944920255457e-16       0.000000000000e+00       0.000000000000e+00       0.000000000000e+00 
   14       8.461844359899e-11       9.464734729535e-16      -4.894675231309e-14       9.160510250113e-16       0.000000000000e+00       0.000000000000e+00       0.000000000000e+00 
   15       8.410434714233e-11       1.075753699793e-15      -5.470054002471e-14       1.043663160862e-15       0.000000000000e+00       0.000000000000e+00       0.000000000000e+00 
   16       8.357474132566e-11       1.211544798614e-15      -6.087809584809e-14       1.176184485868e-15       0.000000000000e+00       0.000000000000e+00       0.000000000000e+00 
   17       8.302761884999e-11       1.353604023976e-15      -6.747543702213e-14       1.313525394260e-15       0.000000000000e+00       0.000000000000e+00       0.000000000000e+00 
   18       8.245624281296e-11       1.501621094714e-15      -7.447980355630e-14       1.455636741450e-15       0.000000000000e+00       0.000000000000e+00       0.000000000000e+00 
   19       8.187872962704e-11       1.655268552734e-15      -8.187907137921e-14       1.602476595219e-15       0.000000000000e+00       0.000000000000e+00       0.000000000000e+00 
   20       8.127608448229e-11       1.814260824937e-15      -8.965323211697e-14       1.754092377140e-15       0.000000000000e+00       0.000000000000e+00       0.000000000000e+00 
   21       8.065916090136e-11       1.978541709671e-15      -9.777813716204e-14       1.910329015539e-15       0.000000000000e+00       0.000000000000e+00       0.000000000000e+00 
   22       8.002247403938e-11       2.148202350269e-15      -1.062232944129e-13       2.070976145011e-15       0.000000000000e+00       0.000000000000e+00       0.000000000000e+00 
   23       7.937359823133e-11       2.323384530616e-15      -1.149653129346e-13       2.235760554220e-15       0.000000000000e+00       0.000000000000e+00       0.000000000000e+00 
   24       7.870638108087e-11       2.504250397961e-15      -1.239791930687e-13       2.404398424654e-15       0.000000000000e+00       0.000000000000e+00       0.000000000000e+00 
   25       7.802676504321e-11       2.690714056690e-15      -1.332368995667e-13       2.576638582189e-15       0.000000000000e+00       0.000000000000e+00       0.000000000000e+00 
   26       7.733132763863e-11       2.882561105735e-15      -1.427082379459e-13       2.752259235649e-15       0.000000000000e+00       0.000000000000e+00       0.000000000000e+00 
   27       7.662252409272e-11       3.079388614058e-15      -1.523711972911e-13       2.931087485302e-15       0.000000000000e+00       0.000000000000e+00       0.000000000000e+00 
   28       7.589627586641e-11       3.280735359435e-15      -1.622054440870e-13       3.112958619509e-15       0.000000000000e+00       0.000000000000e+00       0.000000000000e+00 
   29       7.516050097811e-11       3.486353361879e-15      -1.721898084252e-13       3.297601527039e-15       0.000000000000e+00       0.000000000000e+00       0.000000000000e+00 
   30       7.441603890670e-11       3.696061685072e-15      -1.823020562249e-13       3.484702941338e-15       0.000000000000e+00       0.000000000000e+00       0.000000000000e+00 
   31       7.365456510728e-11       3.909672948040e-15      -1.925195439550e-13       3.673949364741e-15       0.000000000000e+00       0.000000000000e+00       0.000000000000e+00 
   32       7.288132398457e-11       4.126947830969e-15      -2.028219008889e-13       3.865082094811e-15       0.000000000000e+00       0.000000000000e+00       0.000000000000e+00 
   33       7.209862113005e-11       4.347622443122e-15      -2.131894000106e-13       4.057863095239e-15       0.000000000000e+00       0.000000000000e+00       0.000000000000e+00 
   34       7.130260312143e-11       4.571445156783e-15      -2.236026743256e-13       4.252057828980e-15       0.000000000000e+00       0.000000000000e+00       0.000000000000e+00 
   35       7.049662206823e-11       4.798266988474e-15      -2.340439724724e-13       4.447423092986e-15       0.000000000000e+00       0.000000000000e+00       0.000000000000e+00 
   36       6.968103486087e-11       5.027984504068e-15      -2.444964665595e-13       4.643715407258e-15       0.000000000000e+00       0.000000000000e+00       0.000000000000e+00 
   37       6.885230775313e-11       5.260484473198e-15      -2.549429951629e-13       4.840691695104e-15       0.000000000000e+00       0.000000000000e+00       0.000000000000e+00 
   38       6.801473024146e-11       5.495530038529e-15      -2.653626037525e-13       5.038099956618e-15       0.000000000000e+00       0.000000000000e+00       0.000000000000e+00 
   39       6.717155800634e-11       5.732836570660e-15      -2.757329047693e-13       5.235685587081e-15       0.000000000000e+00       0.000000000000e+00       0.000000000000e+00 
   40       6.632124278748e-11       5.972100616155e-15      -2.860309985766e-13       5.433193826568e-15       0.000000000000e+00       0.000000000000e+00       0.000000000000e+00 
   41       6.545979680816e-11       6.213043795690e-15      -2.962377435516e-13       5.630363049173e-15       0.000000000000e+00       0.000000000000e+00       0.000000000000e+00 
   42       6.459000375958e-11       6.455564512991e-15      -3.063522427820e-13       5.826902101417e-15       0.000000000000e+00       0.000000000000e+00       0.000000000000e+00 
   43       6.371437170014e-11       6.699633652406e-15      -3.163820700502e-13       6.022505518037e-15       0.000000000000e+00       0.000000000000e+00       0.000000000000e+00 
   44       6.283223780452e-11       6.945255654459e-15      -3.263396913093e-13       6.216859064976e-15       0.000000000000e+00       0.000000000000e+00       0.000000000000e+00 
   45       6.194147542559e-11       7.192406418280e-15      -3.362347697700e-13       6.409652162709e-15       0.000000000000e+00       0.000000000000e+00       0.000000000000e+00 
   46       6.104492971432e-11       7.440820367553e-15      -3.460476534634e-13       6.600620757105e-15       0.000000000000e+00       0.000000000000e+00       0.000000000000e+00 
   47       6.014539647520e-11       7.690142976317e-15      -3.557484555501e-13       6.789516419338e-15       0.000000000000e+00       0.000000000000e+00       0.000000000000e+00 
   48       5.924360340377e-11       7.939987521640e-15      -3.653041865043e-13       6.976094778360e-15       0.000000000000e+00       0.000000000000e+00       0.000000000000e+00 
   49       5.833802611335e-11       8.189933308270e-15      -3.746785846669e-13       7.160115767714e-15       0.000000000000e+00       0.000000000000e+00       0.000000000000e+00 
   50       5.742630098300e-11       8.439559801465e-15      -3.838355273896e-13       7.341343762358e-15       0.000000000000e+00       0.000000000000e+00       0.000000000000e+00 
   51       5.651034263111e-11       8.688564066773e-15      -3.927507491509e-13       7.519547460293e-15       0.000000000000e+00       0.000000000000e+00       0.000000000000e+00 
   52       5.559229751299e-11       8.936672139160e-15      -4.014030112907e-13       7.694500395436e-15       0.000000000000e+00       0.000000000000e+00       0.000000000000e+00 
   53       5.467296225919e-11       9.183605817446e-15      -4.097707984923e-13       7.865981280712e-15       0.000000000000e+00       0.000000000000e+00       0.000000000000e+00 
   54       5.375167484676e-11       9.429082578756e-15      -4.178323178338e-13       8.033774249685e-15       0.000000000000e+00       0.000000000000e+00       0.000000000000e+00 
   55       5.282727908320e-11       9.672830809993e-15      -4.255676194563e-13       8.197679283596e-15       0.000000000000e+00       0.000000000000e+00       0.000000000000e+00 
   56       5.190154795280e-11       9.914640129218e-15      -4.329655776615e-13       8.357545972199e-15       0.000000000000e+00       0.000000000000e+00       0.000000000000e+00 
   57       5.097642008081e-11       1.015432341533e-14      -4.400186424069e-13       8.513248563092e-15       0.000000000000e+00       0.000000000000e+00       0.000000000000e+00 
   58       5.005293537750e-11       1.039170308641e-14      -4.467209495671e-13       8.664677135699e-15       0.000000000000e+00       0.000000000000e+00       0.000000000000e+00 
   59       4.913116802673e-11       1.062661161087e-14      -4.530684026455e-13       8.811738239747e-15       0.000000000000e+00       0.000000000000e+00       0.000000000000e+00 
   60       4.821015947448e-11       1.085889201878e-14      -4.590587544860e-13       8.954355533734e-15       0.000000000000e+00       0.000000000000e+00       0.000000000000e+00 
   61       4.728873825402e-11       1.108838759777e-14      -4.646904694354e-13       9.092455641582e-15       0.000000000000e+00       0.000000000000e+00       0.000000000000e+00 
   62       4.636834609676e-11       1.131490712198e-14      -4.699588265246e-13       9.225920568461e-15       0.000000000000e+00       0.000000000000e+00       0.000000000000e+00 
   63       4.545073014627e-11       1.153825269003e-14      -4.748590826231e-13       9.354625688557e-15       0.000000000000e+00       0.000000000000e+00       0.000000000000e+00 
   64       4.453707399530e-11       1.175823001628e-14      -4.793876569684e-13       9.478453750495e-15       0.000000000000e+00       0.000000000000e+00       0.000000000000e+00 
   65       4.362795881297e-11       1.197464859884e-14      -4.835421741826e-13       9.597295046793e-15       0.000000000000e+00       0.000000000000e+00       0.000000000000e+00 
   66       4.272332447206e-11       1.218732188771e-14      -4.873215072886e-13       9.711047583317e-15       0.000000000000e+00       0.000000000000e+00       0.000000000000e+00 
   67       4.182243067622e-11       1.239606745274e-14      -4.907258207263e-13       9.819617248739e-15       0.000000000000e+00       0.000000000000e+00       0.000000000000e+00 
   68       4.092446434970e-11       1.260070935126e-14      -4.937559820002e-13       9.922919873544e-15       0.000000000000e+00       0.000000000000e+00       0.000000000000e+00 
   69       4.003059161379e-11       1.280108541206e-14      -4.964115620324e-13       1.002088751275e-14       0.000000000000e+00       0.000000000000e+00       0.000000000000e+00 
   70       3.914225367252e-11       1.299704173600e-14      -4.986925050426e-13       1.011346374651e-14       0.000000000000e+00       0.000000000000e+00       0.000000000000e+00 
   71       3.826053539484e-11       1.318843084741e-14      -5.005997504545e-13       1.020060211706e-14       0.000000000000e+00       0.000000000000e+00       0.000000000000e+00 
   72       3.738614297034e-11       1.337511191840e-14      -5.021352597639e-13       1.028226634648e-14       0.000000000000e+00       0.000000000000e+00       0.000000000000e+00 
   73       3.651938156490e-11       1.355695099316e-14      -5.033020434081e-13       1.035843055452e-14       0.000000000000e+00       0.000000000000e+00       0.000000000000e+00 
   74       3.566013297640e-11       1.373382121229e-14      -5.041041876341e-13       1.042907947635e-14       0.000000000000e+00       0.000000000000e+00       0.000000000000e+00 
   75       3.480783329043e-11       1.390560303709e-14      -5.045468813674e-13       1.049420868035e-14       0.000000000000e+00       0.000000000000e+00       0.000000000000e+00 
   76       3.396189860794e-11       1.407218190166e-14      -5.046357593210e-13       1.055382003603e-14       0.000000000000e+00       0.000000000000e+00       0.000000000000e+00 
   77       3.312314124797e-11       1.423344017887e-14      -5.043747336336e-13       1.060790668224e-14       0.000000000000e+00       0.000000000000e+00       0.000000000000e+00 
   78       3.229257240108e-11       1.438926415010e-14      -5.037678137981e-13       1.065646570077e-14       0.000000000000e+00       0.000000000000e+00       0.000000000000e+00 
   79       3.147096402443e-11       1.453954661625e-14      -5.028197679830e-13       1.069950274148e-14       0.000000000000e+00       0.000000000000e+00       0.000000000000e+00 
   80       3.065883568555e-11       1.468418706930e-14      -5.015361358801e-13       1.073703214266e-14       0.000000000000e+00       0.000000000000e+00       0.000000000000e+00 
   81       2.985644140610e-11       1.482309186392e-14      -4.999232415522e-13       1.076907705144e-14       0.000000000000e+00       0.000000000000e+00       0.000000000000e+00 
   82       2.906375650566e-11       1.495617438902e-14      -4.979882062811e-13       1.079566954413e-14       0.000000000000e+00       0.000000000000e+00       0.000000000000e+00 
   83       2.828046444546e-11       1.508335523928e-14      -4.957389614147e-13       1.081685074664e-14       0.000000000000e+00       0.000000000000e+00       0.000000000000e+00 
   84       2.750624204217e-11       1.520456078786e-14      -4.931837019114e-13       1.083266719286e-14       0.000000000000e+00       0.000000000000e+00       0.000000000000e+00 
   85       2.674169825401e-11       1.531971825670e-14      -4.903291147415e-13       1.084315894252e-14       0.000000000000e+00       0.000000000000e+00       0.000000000000e+00 
   86       2.598756762777e-11       1.542876013971e-14      -4.871818789823e-13       1.084836970505e-14       0.000000000000e+00       0.000000000000e+00       0.000000000000e+00 
   87       2.524441774460e-11       1.553162587157e-14      -4.837492024060e-13       1.084835048279e-14       0.000000000000e+00       0.000000000000e+00       0.000000000000e+00 
   88       2.451264107838e-11       1.562826197247e-14      -4.800388249272e-13       1.084315962811e-14       0.000000000000e+00       0.000000000000e+00       0.000000000000e+00 
   89       2.379244685411e-11       1.571862219273e-14      -4.760590220509e-13       1.083286290057e-14       0.000000000000e+00       0.000000000000e+00       0.000000000000e+00 
   90       2.308385290633e-11       1.580266765756e-14      -4.718186083197e-13       1.081753352410e-14       0.000000000000e+00       0.000000000000e+00       0.000000000000e+00 
   91       2.238667753747e-11       1.588036701171e-14      -4.673269407616e-13       1.079725224413e-14       0.000000000000e+00       0.000000000000e+00       0.000000000000e+00 
   92       2.170053137626e-11       1.595169656417e-14      -4.625939223378e-13       1.077210738474e-14       0.000000000000e+00       0.000000000000e+00       0.000000000000e+00 
   93       2.102505448989e-11       1.601663762271e-14      -4.576294964685e-13       1.074219060543e-14       0.000000000000e+00       0.000000000000e+00       0.000000000000e+00 
   94       2.036068619799e-11       1.607516772454e-14      -4.524420361591e-13       1.070758331721e-14       0.000000000000e+00       0.000000000000e+00       0.000000000000e+00 
   95       1.970799652440e-11       1.612726834810e-14      -4.470397178457e-13       1.066836831967e-14       0.000000000000e+00       0.000000000000e+00       0.000000000000e+00 
   96       1.906744654864e-11       1.617292771043e-14      -4.414310052382e-13       1.062463391744e-14       0.000000000000e+00       0.000000000000e+00       0.000000000000e+00 
   97       1.843938363076e-11       1.621214087329e-14      -4.356246457827e-13       1.057647391837e-14       0.000000000000e+00       0.000000000000e+00       0.000000000000e+00 
   98       1.782403663640e-11       1.624490984929e-14      -4.296296671226e-13       1.052398763164e-14       0.000000000000e+00       0.000000000000e+00       0.000000000000e+00 
   99       1.722151116161e-11       1.627124370798e-14      -4.234553735609e-13       1.046727986586e-14       0.000000000000e+00       0.000000000000e+00       0.000000000000e+00 
  100       1.663178475791e-11       1.629115868200e-14      -4.171113425216e-13       1.040646092721e-14       0.000000000000e+00       0.000000000000e+00       0.000000000000e+00 
  101       1.605470215717e-11       1.630467827317e-14      -4.106074210113e-13       1.034164661757e-14       0.000000000000e+00       0.000000000000e+00       0.000000000000e+00 
  102       1.548997049660e-11       1.631183335862e-14      -4.039537220817e-13       1.027295823264e-14       0.000000000000e+00       0.000000000000e+00       0.000000000000e+00 
  103       1.493715454365e-11       1.631266229691e-14      -3.971606212903e-13       1.020052256004e-14       0.000000000000e+00       0.000000000000e+00       0.000000000000e+00 
  104       1.439585862891e-11       1.630720764889e-14      -3.902383646169e-13       1.012446728438e-14       0.000000000000e+00       0.000000000000e+00       0.000000000000e+00 
  105       1.386631071904e-11       1.629550560712e-14      -3.831958395094e-13       1.004490649939e-14       0.000000000000e+00       0.000000000000e+00       0.000000000000e+00 
  106       1.334884870882e-11       1.627759532971e-14      -3.760416304552e-13       9.961953226034e-15       0.000000000000e+00       0.000000000000e+00       0.000000000000e+00 
  107       1.284373806837e-11       1.625352226615e-14      -3.687843849880e-13       9.875723779187e-15       0.000000000000e+00       0.000000000000e+00       0.000000000000e+00 
  108       1.235116911989e-11       1.622333822623e-14      -3.614328058802e-13       9.786337715236e-15       0.000000000000e+00       0.000000000000e+00       0.000000000000e+00 
  109       1.187125431430e-11       1.618710144898e-14      -3.539956433351e-13       9.693917779748e-15       0.000000000000e+00       0.000000000000e+00       0.000000000000e+00 
  110       1.140402550792e-11       1.614487667153e-14      -3.464816871784e-13       9.598589855120e-15       0.000000000000e+00       0.000000000000e+00       0.000000000000e+00 
  111       1.094943123921e-11       1.609673519810e-14      -3.388997590507e-13       9.500482908224e-15       0.000000000000e+00       0.000000000000e+00       0.000000000000e+00 
  112       1.050733400536e-11       1.604275496887e-14      -3.312587045993e-13       9.399728938064e-15       0.000000000000e+00       0.000000000000e+00       0.000000000000e+00 
  113       1.007750753907e-11       1.598302062892e-14      -3.235673856702e-13       9.296462923422e-15       0.000000000000e+00       0.000000000000e+00       0.000000000000e+00 
  114       9.659634085161e-12       1.591762359712e-14      -3.158346724998e-13       9.190822770508e-15       0.000000000000e+00       0.000000000000e+00       0.000000000000e+00 
  115       9.253301677291e-12       1.584666213508e-14      -3.080694359078e-13       9.082949260611e-15       0.000000000000e+00       0.000000000000e+00       0.000000000000e+00 
  116       8.858132396377e-12       1.577023716120e-14      -3.002803515100e-13       8.972982050296e-15       0.000000000000e+00       0.000000000000e+00       0.000000000000e+00 
  117       8.474190658953e-12       1.568843896818e-14      -2.924753020484e-13       8.861047232221e-15       0.000000000000e+00       0.000000000000e+00       0.000000000000e+00 
  118       8.101619686056e-12       1.560135901250e-14      -2.846618873957e-13       8.747268156602e-15       0.000000000000e+00       0.000000000000e+00       0.000000000000e+00 
  119       7.740513414971e-12       1.550909405574e-14      -2.768475966641e-13       8.631769157044e-15       0.000000000000e+00       0.000000000000e+00       0.000000000000e+00 
  120       7.390914934029e-12       1.541174619588e-14      -2.690397987359e-13       8.514675463286e-15       0.000000000000e+00       0.000000000000e+00       0.000000000000e+00 
  121       7.052814917386e-12       1.530942289861e-14      -2.612457327930e-13       8.396113113952e-15       0.000000000000e+00       0.000000000000e+00       0.000000000000e+00 
  122       6.726150059819e-12       1.520223702859e-14      -2.534724988470e-13       8.276208869294e-15       0.000000000000e+00       0.000000000000e+00       0.000000000000e+00 
  123       6.410801511510e-12       1.509030688078e-14      -2.457270482690e-13       8.155090123944e-15       0.000000000000e+00       0.000000000000e+00       0.000000000000e+00 
  124       6.106593312838e-12       1.497375621174e-14      -2.380161743199e-13       8.032884819661e-15       0.000000000000e+00       0.000000000000e+00       0.000000000000e+00 
  125       5.813290829163e-12       1.485271427089e-14      -2.303465026802e-13       7.909721358077e-15       0.000000000000e+00       0.000000000000e+00       0.000000000000e+00 
  126       5.530599185620e-12       1.472731583185e-14      -2.227244819795e-13       7.785728513446e-15       0.000000000000e+00       0.000000000000e+00       0.000000000000e+00 
  127       5.258161701903e-12       1.459770122371e-14      -2.151563743273e-13       7.661035345392e-15       0.000000000000e+00       0.000000000000e+00       0.000000000000e+00 
  128       4.995558327056e-12       1.446401636234e-14      -2.076482458424e-13       7.535771111656e-15       0.000000000000e+00       0.000000000000e+00       0.000000000000e+00 
  129       4.742403858923e-12       1.432640733675e-14      -2.002059852292e-13       7.410062424185e-15       0.000000000000e+00       0.000000000000e+00       0.000000000000e+00 
  130       4.498658109311e-12       1.418500343021e-14      -1.928353819249e-13       7.284024549980e-15       0.000000000000e+00       0.000000000000e+00       0.000000000000e+00 
  131       4.264346964793e-12       1.403993228701e-14      -1.855420386689e-13       7.157768986614e-15       0.000000000000e+00       0.000000000000e+00       0.000000000000e+00 
  132       4.039464809252e-12       1.389132518285e-14      -1.783313350467e-13       7.031406027415e-15       0.000000000000e+00       0.000000000000e+00       0.000000000000e+00 
  133       3.823973672697e-12       1.373931701713e-14      -1.712084182202e-13       6.905044654492e-15       0.000000000000e+00       0.000000000000e+00       0.000000000000e+00 
  134       3.617802380067e-12       1.358404630535e-14      -1.641781936588e-13       6.778792431757e-15       0.000000000000e+00       0.000000000000e+00       0.000000000000e+00 
  135       3.420845700050e-12       1.342565517138e-14      -1.572453158699e-13       6.652755397948e-15       0.000000000000e+00       0.000000000000e+00       0.000000000000e+00 
  136       3.232963493886e-12       1.326428933985e-14      -1.504141791294e-13       6.527037959648e-15       0.000000000000e+00       0.000000000000e+00       0.000000000000e+00 
  137       3.053979864187e-12       1.310009812844e-14      -1.436889082123e-13       6.401742784311e-15       0.000000000000e+00       0.000000000000e+00       0.000000000000e+00 
  138       2.883682303739e-12       1.293323444025e-14      -1.370733491238e-13       6.276970693280e-15       0.000000000000e+00       0.000000000000e+00       0.000000000000e+00 
  139       2.721820844322e-12       1.276385475614e-14      -1.305710598294e-13       6.152820554813e-15       0.000000000000e+00       0.000000000000e+00       0.000000000000e+00 
  140       2.568107205515e-12       1.259211912701e-14      -1.241853009860e-13       6.029389177104e-15       0.000000000000e+00       0.000000000000e+00       0.000000000000e+00 
  141       2.422213943508e-12       1.241819116619e-14      -1.179190266720e-13       5.906771201303e-15       0.000000000000e+00       0.000000000000e+00       0.000000000000e+00 
  142       2.283773599916e-12       1.224223804178e-14      -1.117748751185e-13       5.785058994541e-15       0.000000000000e+00       0.000000000000e+00       0.000000000000e+00 
  143       2.152377850588e-12       1.206443046893e-14      -1.057551594397e-13       5.664342542950e-15       0.000000000000e+00       0.000000000000e+00       0.000000000000e+00 
  144       2.027653193913e-12       1.188493631314e-14      -9.986211813274e-14       5.544708954025e-15       0.000000000000e+00       0.000000000000e+00       0.000000000000e+00 
  145       1.909498222495e-12       1.170390070539e-14      -9.409871397980e-14       5.426241134258e-15       0.000000000000e+00       0.000000000000e+00       0.000000000000e+00 
  146       1.797868234118e-12       1.152146394295e-14      -8.846789665302e-14       5.309018777168e-15       0.000000000000e+00       0.000000000000e+00       0.000000000000e+00 
  147       1.692700385040e-12       1.133776765837e-14      -8.297234231014e-14       5.193118634001e-15       0.000000000000e+00       0.000000000000e+00       0.000000000000e+00 
  148       1.593913278695e-12       1.115295477517e-14      -7.761444581804e-14       5.078614404506e-15       0.000000000000e+00       0.000000000000e+00       0.000000000000e+00 
  149       1.501406554381e-12       1.096716946341e-14      -7.239631297629e-14       4.965576627715e-15       0.000000000000e+00       0.000000000000e+00       0.000000000000e+00 
  150       1.415060475952e-12       1.078055709532e-14      -6.731975274072e-14       4.854072572715e-15       0.000000000000e+00       0.000000000000e+00       0.000000000000e+00 
  151       1.334735520517e-12       1.059326420092e-14      -6.238626944702e-14       4.744166129430e-15       0.000000000000e+00       0.000000000000e+00       0.000000000000e+00 
  152       1.260271967130e-12       1.040543842365e-14      -5.759705503428e-14       4.635917699394e-15       0.000000000000e+00       0.000000000000e+00       0.000000000000e+00 
  153       1.191489485481e-12       1.021722847594e-14      -5.295298126856e-14       4.529384086532e-15       0.000000000000e+00       0.000000000000e+00       0.000000000000e+00 
  154       1.128186724594e-12       1.002878409489e-14      -4.845459196650e-14       4.424618387931e-15       0.000000000000e+00       0.000000000000e+00       0.000000000000e+00 
  155       1.070140901518e-12       9.840255997823e-15      -4.410209521885e-14       4.321669884622e-15       0.000000000000e+00       0.000000000000e+00       0.000000000000e+00 
  156       1.017107390019e-12       9.651795837953e-15      -3.989535561408e-14       4.220583932358e-15       0.000000000000e+00       0.000000000000e+00       0.000000000000e+00 
  157       9.688193092775e-13       9.463556159972e-15      -3.583388646189e-14       4.121401852384e-15       0.000000000000e+00       0.000000000000e+00       0.000000000000e+00 
  158       9.249871125760e-13       9.275690355674e-15      -3.191684201686e-14       4.024160822221e-15       0.000000000000e+00       0.000000000000e+00       0.000000000000e+00 
  159       8.852981759971e-13       9.088352619574e-15      -2.814300970197e-14       3.928893766441e-15       0.000000000000e+00       0.000000000000e+00       0.000000000000e+00 
  160       8.494163871150e-13       8.901697904523e-15      -2.451080233218e-14       3.835629247441e-15       0.000000000000e+00       0.000000000000e+00       0.000000000000e+00 
  161       8.170358104523e-13       8.715875904697e-15      -2.101874751222e-14       3.744394726399e-15       0.000000000000e+00       0.000000000000e+00       0.000000000000e+00 
  162       7.880478805535e-13       8.531012499799e-15      -1.766702079148e-14       3.655226899502e-15       0.000000000000e+00       0.000000000000e+00       0.000000000000e+00 
  163       7.623882770014e-13       8.347226577457e-15      -1.445603385928e-14       3.568162071287e-15       0.000000000000e+00       0.000000000000e+00       0.000000000000e+00 
  164       7.399840162296e-13       8.164635786969e-15      -1.138594411952e-14       3.483232773711e-15       0.000000000000e+00       0.000000000000e+00       0.000000000000e+00 
  165       7.207532890154e-13       7.983356467446e-15      -8.456649201593e-15       3.400467672426e-15       0.000000000000e+00       0.000000000000e+00       0.000000000000e+00 
  166       7.046052979745e-13       7.803503575941e-15      -5.667781471486e-15       3.319891473068e-15       0.000000000000e+00       0.000000000000e+00       0.000000000000e+00 
  167       6.914400950539e-13       7.625190615596e-15      -3.018702542723e-15       3.241524827535e-15       0.000000000000e+00       0.000000000000e+00       0.000000000000e+00 
  168       6.811484190260e-13       7.448529563769e-15      -5.084977873987e-16       3.165384240274e-15       0.000000000000e+00       0.000000000000e+00       0.000000000000e+00 
  169       6.736115329822e-13       7.273630800177e-15       1.864029152818e-15       3.091481974561e-15       0.000000000000e+00       0.000000000000e+00       0.000000000000e+00 
  170       6.687010618266e-13       7.100603035033e-15       4.100361855677e-15       3.019825958783e-15       0.000000000000e+00       0.000000000000e+00       0.000000000000e+00 
  171       6.662788297698e-13       6.929553237182e-15       6.202276607340e-15       2.950419692722e-15       0.000000000000e+00       0.000000000000e+00       0.000000000000e+00 
  172       6.661966978224e-13       6.760586562237e-15       8.171847891373e-15       2.883262153840e-15       0.000000000000e+00       0.000000000000e+00       0.000000000000e+00 
  173       6.682964012889e-13       6.593806280717e-15       1.001145387774e-14       2.818347703558e-15       0.000000000000e+00       0.000000000000e+00       0.000000000000e+00 
  174       6.724093872613e-13       6.429313706187e-15       1.172378191178e-14       2.755665993538e-15       0.000000000000e+00       0.000000000000e+00       0.000000000000e+00 
  175       6.783566521129e-13       6.267208123389e-15       1.331183400323e-14       2.695201871971e-15       0.000000000000e+00       0.000000000000e+00       0.000000000000e+00 
  176       6.859485789916e-13       6.107586716385e-15       1.477893231520e-14       2.636935289856e-15       0.000000000000e+00       0.000000000000e+00       0.000000000000e+00 
  177       6.949847753145e-13       5.950544496691e-15       1.612872465315e-14       2.580841207281e-15       0.000000000000e+00       0.000000000000e+00       0.000000000000e+00 
  178       7.052539102605e-13       5.796174231415e-15       1.736518995391e-14       2.526889499710e-15       0.000000000000e+00       0.000000000000e+00       0.000000000000e+00 
  179       7.165335522648e-13       5.644566371395e-15       1.849264377466e-14       2.475044864263e-15       0.000000000000e+00       0.000000000000e+00       0.000000000000e+00 
  180       7.286235717944e-13       5.495806140397e-15       1.951509131022e-14       2.425274359369e-15       0.000000000000e+00       0.000000000000e+00       0.000000000000e+00 
  181       7.414496582679e-13       5.349964694100e-15       2.043421746947e-14       2.377570889676e-15       0.000000000000e+00       0.000000000000e+00       0.000000000000e+00 
  182       7.549677386032e-13       5.207107118722e-15       2.125124720238e-14       2.331931412295e-15       0.000000000000e+00       0.000000000000e+00       0.000000000000e+00 
  183       7.691311127714e-13       5.067295125067e-15       2.196758667830e-14       2.288349406048e-15       0.000000000000e+00       0.000000000000e+00       0.000000000000e+00 
  184       7.838904149196e-13       4.930586966210e-15       2.258482637172e-14       2.246814805874e-15       0.000000000000e+00       0.000000000000e+00       0.000000000000e+00 
  185       7.991935744938e-13       4.797037355177e-15       2.310474414810e-14       2.207313937218e-15       0.000000000000e+00       0.000000000000e+00       0.000000000000e+00 
  186       8.149857773615e-13       4.666697382624e-15       2.352930834956e-14       2.169829450437e-15       0.000000000000e+00       0.000000000000e+00       0.000000000000e+00 
  187       8.312094269346e-13       4.539614434517e-15       2.386068088079e-14       2.134340255196e-15       0.000000000000e+00       0.000000000000e+00       0.000000000000e+00 
  188       8.478041052919e-13       4.415832109817e-15       2.410122029470e-14       2.100821454864e-15       0.000000000000e+00       0.000000000000e+00       0.000000000000e+00 
  189       8.647065343020e-13       4.295390138156e-15       2.425348487829e-14       2.069244280913e-15       0.000000000000e+00       0.000000000000e+00       0.000000000000e+00 
  190       8.818505367461e-13       4.178324297520e-15       2.432023573841e-14       2.039576027320e-15       0.000000000000e+00       0.000000000000e+00       0.000000000000e+00 
  191       8.991669974403e-13       4.064666331927e-15       2.430443988751e-14       2.011779984959e-15       0.000000000000e+00       0.000000000000e+00       0.000000000000e+00 
  192       9.165838243589e-13       3.954443869114e-15       2.420927332949e-14       1.985815376006e-15       0.000000000000e+00       0.000000000000e+00       0.000000000000e+00 
  193       9.340259097570e-13       3.847680338210e-15       2.403812414540e-14       1.961637288330e-15       0.000000000000e+00       0.000000000000e+00       0.000000000000e+00 
  194       9.514150912929e-13       3.744394887420e-15       2.379459557928e-14       1.939196609899e-15       0.000000000000e+00       0.000000000000e+00       0.000000000000e+00 
  195       9.686701131510e-13       3.644602301706e-15       2.348250912391e-14       1.918439963172e-15       0.000000000000e+00       0.000000000000e+00       0.000000000000e+00 
  196       9.857065871649e-13       3.548312920468e-15       2.310590760663e-14       1.899309639500e-15       0.000000000000e+00       0.000000000000e+00       0.000000000000e+00 
  197       1.002436953940e-12       3.455532555224e-15       2.266905827507e-14       1.881743533524e-15       0.000000000000e+00       0.000000000000e+00       0.000000000000e+00 
  198       1.018770443974e-12       3.366262407289e-15       2.217645588298e-14       1.865675077573e-15       0.000000000000e+00       0.000000000000e+00       0.000000000000e+00 
  199       1.034613038786e-12       3.280498985458e-15       2.163282577597e-14       1.851033176062e-15       0.000000000000e+00       0.000000000000e+00       0.000000000000e+00 
  200       1.049867432030e-12       3.198234023685e-15       2.104312697732e-14       1.837742139891e-15       0.000000000000e+00       0.000000000000e+00       0.000000000000e+00 
  201       1.064448584918e-12       3.119457880392e-15       2.041189838705e-14       1.825732241170e-15       0.000000000000e+00       0.000000000000e+00       0.000000000000e+00 
  202       1.078331711547e-12       3.044170178164e-15       1.974123891804e-14       1.814972353992e-15       0.000000000000e+00       0.000000000000e+00       0.000000000000e+00 
  203       1.091507650230e-12       2.972369766192e-15       1.903268886172e-14       1.805439521428e-15       0.000000000000e+00       0.000000000000e+00       0.000000000000e+00 
  204       1.103967584445e-12       2.904051235387e-15       1.828787494383e-14       1.797108510769e-15       0.000000000000e+00       0.000000000000e+00       0.000000000000e+00 
  205       1.115703050049e-12       2.839204846354e-15       1.750851146872e-14       1.789951779311e-15       0.000000000000e+00       0.000000000000e+00       0.000000000000e+00 
  206       1.126705942488e-12       2.777816457357e-15       1.669640146377e-14       1.783939440142e-15       0.000000000000e+00       0.000000000000e+00       0.000000000000e+00 
  207       1.136968524008e-12       2.719867452297e-15       1.585343782366e-14       1.779039227931e-15       0.000000000000e+00       0.000000000000e+00       0.000000000000e+00 
  208       1.146483430870e-12       2.665334668676e-15       1.498160445471e-14       1.775216464712e-15       0.000000000000e+00       0.000000000000e+00       0.000000000000e+00 
  209       1.155243680560e-12       2.614190325572e-15       1.408297741928e-14       1.772434025673e-15       0.000000000000e+00       0.000000000000e+00       0.000000000000e+00 
  210       1.163242679001e-12       2.566401951607e-15       1.315972608006e-14       1.770652304939e-15       0.000000000000e+00       0.000000000000e+00       0.000000000000e+00 
  211       1.170474227766e-12       2.521932312920e-15       1.221411424441e-14       1.769829181366e-15       0.000000000000e+00       0.000000000000e+00       0.000000000000e+00 
  212       1.176932531289e-12       2.480739341134e-15       1.124850130873e-14       1.769919984320e-15       0.000000000000e+00       0.000000000000e+00       0.000000000000e+00 
  213       1.182612204077e-12       2.442776061333e-15       1.026534340279e-14       1.770877459469e-15       0.000000000000e+00       0.000000000000e+00       0.000000000000e+00 
  214       1.187508277922e-12       2.407990520024e-15       9.267194534040e-15       1.772651734569e-15       0.000000000000e+00       0.000000000000e+00       0.000000000000e+00 
  215       1.191616209114e-12       2.376325713116e-15       8.256707731998e-15       1.775190285247e-15       0.000000000000e+00       0.000000000000e+00       0.000000000000e+00 
  216       1.194931885651e-12       2.347719513885e-15       7.236636192555e-15       1.778437900794e-15       0.000000000000e+00       0.000000000000e+00       0.000000000000e+00 
  217       1.197451634454e-12       2.322104600948e-15       6.209834422332e-15       1.782336649947e-15       0.000000000000e+00       0.000000000000e+00       0.000000000000e+00 
  218       1.199172228574e-12       2.299408386231e-15       5.179259383014e-15       1.786825846679e-15       0.000000000000e+00       0.000000000000e+00       0.000000000000e+00 
  219       1.200090894411e-12       2.279552942941e-15       4.147971635693e-15       1.791842015981e-15       0.000000000000e+00       0.000000000000e+00       0.000000000000e+00 
  220       1.200205318919e-12       2.262454933538e-15       3.119136485208e-15       1.797318859656e-15       0.000000000000e+00       0.000000000000e+00       0.000000000000e+00 
  221       1.199513656822e-12       2.248025537703e-15       2.096025124482e-15       1.803187222100e-15       0.000000000000e+00       0.000000000000e+00       0.000000000000e+00 
  222       1.198014537825e-12       2.236170380309e-15       1.082015778868e-15       1.809375056092e-15       0.000000000000e+00       0.000000000000e+00       0.000000000000e+00 
  223       1.195707073825e-12       2.226789459395e-15       8.059485048450e-17       1.815807388577e-15       0.000000000000e+00       0.000000000000e+00       0.000000000000e+00 
  224       1.192592959104e-12       2.219788817604e-15      -9.051386793096e-16       1.822416884845e-15       0.000000000000e+00       0.000000000000e+00       0.000000000000e+00 
  225       1.188682905975e-12       2.215116539397e-15      -1.873997812742e-15       1.829176366496e-15       0.000000000000e+00       0.000000000000e+00       0.000000000000e+00 
  226       1.183990636920e-12       2.212728929118e-15      -2.825278790640e-15       1.836068318225e-15       0.000000000000e+00       0.000000000000e+00       0.000000000000e+00 
  227       1.178530840935e-12       2.212578931760e-15      -3.758273200194e-15       1.843074468457e-15       0.000000000000e+00       0.000000000000e+00       0.000000000000e+00 
  228       1.172319185725e-12       2.214616088896e-15      -4.672268013336e-15       1.850175780361e-15       0.000000000000e+00       0.000000000000e+00       0.000000000000e+00 
  229       1.165372329896e-12       2.218786494613e-15      -5.566545625120e-15       1.857352442878e-15       0.000000000000e+00       0.000000000000e+00       0.000000000000e+00 
  230       1.157707935156e-12       2.225032751440e-15      -6.440383892098e-15       1.864583861735e-15       0.000000000000e+00       0.000000000000e+00       0.000000000000e+00 
  231       1.149344678503e-12       2.233293926282e-15      -7.293056170700e-15       1.871848650475e-15       0.000000000000e+00       0.000000000000e+00       0.000000000000e+00 
  232       1.140302264427e-12       2.243505506349e-15      -8.123831355611e-15       1.879124621467e-15       0.000000000000e+00       0.000000000000e+00       0.000000000000e+00 
  233       1.130601437100e-12       2.255599355087e-15      -8.931973918152e-15       1.886388776938e-15       0.000000000000e+00       0.000000000000e+00       0.000000000000e+00 
  234       1.120263992575e-12       2.269503668112e-15      -9.716743944656e-15       1.893617299987e-15       0.000000000000e+00       0.000000000000e+00       0.000000000000e+00 
  235       1.109312790981e-12       2.285142929141e-15      -1.047739717485e-14       1.900785545609e-15       0.000000000000e+00       0.000000000000e+00       0.000000000000e+00 
  236       1.097771768714e-12       2.302437865920e-15      -1.121318504022e-14       1.907868031713e-15       0.000000000000e+00       0.000000000000e+00       0.000000000000e+00 
  237       1.085665950637e-12       2.321305406157e-15      -1.192335470241e-14       1.914838430148e-15       0.000000000000e+00       0.000000000000e+00       0.000000000000e+00 
  238       1.073021462274e-12       2.341658633457e-15      -1.260714909160e-14       1.921669557721e-15       0.000000000000e+00       0.000000000000e+00       0.000000000000e+00 
  239       1.059865542005e-12       2.363406743246e-15      -1.326380694485e-14       1.928333367217e-15       0.000000000000e+00       0.000000000000e+00       0.000000000000e+00 
  240       1.046226553259e-12       2.386454998710e-15      -1.389256284452e-14       1.934800938424e-15       0.000000000000e+00       0.000000000000e+00       0.000000000000e+00 
  241       1.032133996713e-12       2.410704686719e-15      -1.449264725663e-14       1.941042469150e-15       0.000000000000e+00       0.000000000000e+00       0.000000000000e+00 
  242       1.017618522485e-12       2.436053073765e-15      -1.506328656924e-14       1.947027266246e-15       0.000000000000e+00       0.000000000000e+00       0.000000000000e+00 
  243       1.002711942331e-12       2.462393361889e-15      -1.560370313083e-14       1.952723736628e-15       0.000000000000e+00       0.000000000000e+00       0.000000000000e+00 
  244       9.874472418366e-13       2.489614644613e-15      -1.611311528867e-14       1.958099378294e-15       0.000000000000e+00       0.000000000000e+00       0.000000000000e+00 
  245       9.718585926171e-13       2.517601862872e-15      -1.659073742721e-14       1.963120771352e-15       0.000000000000e+00       0.000000000000e+00       0.000000000000e+00 
  246       9.559813645089e-13       2.546235760946e-15      -1.703578000646e-14       1.967753569034e-15       0.000000000000e+00       0.000000000000e+00       0.000000000000e+00 
  247       9.398521377668e-13       2.575392842389e-15      -1.744744960035e-14       1.971962488723e-15       0.000000000000e+00       0.000000000000e+00       0.000000000000e+00 
  248       9.235087152583e-13       2.604945325963e-15      -1.782494893514e-14       1.975711302967e-15       0.000000000000e+00       0.000000000000e+00       0.000000000000e+00 
  249       9.069901346595e-13       2.634761101567e-15      -1.816747692775e-14       1.978962830509e-15       0.000000000000e+00       0.000000000000e+00       0.000000000000e+00 
  250       8.903319974720e-13       2.664720868362e-15      -1.847441093007e-14       1.981685484341e-15       0.000000000000e+00       0.000000000000e+00       0.000000000000e+00 
  251       8.735521319611e-13       2.694770736936e-15      -1.874586504611e-14       1.983873353494e-15       0.000000000000e+00       0.000000000000e+00       0.000000000000e+00 
  252       8.566641263392e-13       2.724872577852e-15      -1.898216411662e-14       1.985527262977e-15       0.000000000000e+00       0.000000000000e+00       0.000000000000e+00 
  253       8.396819406990e-13       2.754987101518e-15      -1.918366479788e-14       1.986648324578e-15       0.000000000000e+00       0.000000000000e+00       0.000000000000e+00 
  254       8.226199102541e-13       2.785073846980e-15      -1.935075594858e-14       1.987237940428e-15       0.000000000000e+00       0.000000000000e+00       0.000000000000e+00 
  255       8.054927485773e-13       2.815091170707e-15      -1.948385901655e-14       1.987297806560e-15       0.000000000000e+00       0.000000000000e+00       0.000000000000e+00 
  256       7.883155508406e-13       2.844996235384e-15      -1.958342842566e-14       1.986829916470e-15       0.000000000000e+00       0.000000000000e+00       0.000000000000e+00 
  257       7.711037970543e-13       2.874744998698e-15      -1.964995196261e-14       1.985836564675e-15       0.000000000000e+00       0.000000000000e+00       0.000000000000e+00 
  258       7.538733553064e-13       2.904292202133e-15      -1.968395116373e-14       1.984320350278e-15       0.000000000000e+00       0.000000000000e+00       0.000000000000e+00 
  259       7.366404850020e-13       2.933591359755e-15      -1.968598170184e-14       1.982284180526e-15       0.000000000000e+00       0.000000000000e+00       0.000000000000e+00 
  260       7.194218401030e-13       2.962594747004e-15      -1.965663377303e-14       1.979731274369e-15       0.000000000000e+00       0.000000000000e+00       0.000000000000e+00 
  261       7.022344723666e-13       2.991253389482e-15      -1.959653248352e-14       1.976665166023e-15       0.000000000000e+00       0.000000000000e+00       0.000000000000e+00 
  262       6.850958345858e-13       3.019517051745e-15      -1.950633823645e-14       1.973089708527e-15       0.000000000000e+00       0.000000000000e+00       0.000000000000e+00 
  263       6.680237838277e-13       3.047334226092e-15      -1.938674711869e-14       1.969009077310e-15       0.000000000000e+00       0.000000000000e+00       0.000000000000e+00 
  264       6.510365846737e-13       3.074652121353e-15      -1.923849128771e-14       1.964427773743e-15       0.000000000000e+00       0.000000000000e+00       0.000000000000e+00 
  265       6.341529124584e-13       3.101416651678e-15      -1.906233935836e-14       1.959350628707e-15       0.000000000000e+00       0.000000000000e+00       0.000000000000e+00 
  266       6.173918565091e-13       3.127572425333e-15      -1.885909678968e-14       1.953782806146e-15       0.000000000000e+00       0.000000000000e+00       0.000000000000e+00 
  267       6.007729233851e-13       3.153062733480e-15      -1.862960627175e-14       1.947729806637e-15       0.000000000000e+00       0.000000000000e+00       0.000000000000e+00 
  268       5.843160401174e-13       3.177829538976e-15      -1.837474811252e-14       1.941197470939e-15       0.000000000000e+00       0.000000000000e+00       0.000000000000e+00 
  269       5.680415574475e-13       3.201813465155e-15      -1.809544062458e-14       1.934191983565e-15       0.000000000000e+00       0.000000000000e+00       0.000000000000e+00 
  270       5.519702530673e-13       3.224953784624e-15      -1.779264051202e-14       1.926719876332e-15       0.000000000000e+00       0.000000000000e+00       0.000000000000e+00 
  271       5.361233348582e-13       3.247188408048e-15      -1.746734325723e-14       1.918788031930e-15       0.000000000000e+00       0.000000000000e+00       0.000000000000e+00 
  272       5.205224441304e-13       3.268453872942e-15      -1.712058350775e-14       1.910403687476e-15       0.000000000000e+00       0.000000000000e+00       0.000000000000e+00 
  273       5.051896588626e-13       3.288685332461e-15      -1.675343546304e-14       1.901574438079e-15       0.000000000000e+00       0.000000000000e+00       0.000000000000e+00 
  274       4.901474969410e-13       3.307816544187e-15      -1.636701326135e-14       1.892308240398e-15       0.000000000000e+00       0.000000000000e+00       0.000000000000e+00 
  275       4.754189193988e-13       3.325779858921e-15      -1.596247136652e-14       1.882613416202e-15       0.000000000000e+00       0.000000000000e+00       0.000000000000e+00 
  276       4.610273336559e-13       3.342506209473e-15      -1.554100495478e-14       1.872498655933e-15       0.000000000000e+00       0.000000000000e+00       0.000000000000e+00 
  277       4.469965967575e-13       3.357925099451e-15      -1.510385030159e-14       1.861973022264e-15       0.000000000000e+00       0.000000000000e+00       0.000000000000e+00 
  278       4.333510186144e-13       3.371964592049e-15      -1.465228516849e-14       1.851045953662e-15       0.000000000000e+00       0.000000000000e+00       0.000000000000e+00 
  279       4.201112372335e-13       3.384564365073e-15      -1.418749487211e-14       1.839727372834e-15       0.000000000000e+00       0.000000000000e+00       0.000000000000e+00 
  280       4.072816012009e-13       3.395715647747e-15      -1.371016201506e-14       1.828028010985e-15       0.000000000000e+00       0.000000000000e+00       0.000000000000e+00 
  281       3.948621398125e-13       3.405423331140e-15      -1.322085625315e-14       1.815959107296e-15       0.000000000000e+00       0.000000000000e+00       0.000000000000e+00 
  282       3.828526291141e-13       3.413693097124e-15      -1.272016687822e-14       1.803532309254e-15       0.000000000000e+00       0.000000000000e+00       0.000000000000e+00 
  283       3.712525888004e-13       3.420531427229e-15      -1.220870299867e-14       1.790759676374e-15       0.000000000000e+00       0.000000000000e+00       0.000000000000e+00 
  284       3.600612791127e-13       3.425945611507e-15      -1.168709371992e-14       1.777653683918e-15       0.000000000000e+00       0.000000000000e+00       0.000000000000e+00 
  285       3.492776977378e-13       3.429943757391e-15      -1.115598832494e-14       1.764227226621e-15       0.000000000000e+00       0.000000000000e+00       0.000000000000e+00 
  286       3.389005767060e-13       3.432534798557e-15      -1.061605645470e-14       1.750493622407e-15       0.000000000000e+00       0.000000000000e+00       0.000000000000e+00 
  287       3.289283792895e-13       3.433728503785e-15      -1.006798828870e-14       1.736466616114e-15       0.000000000000e+00       0.000000000000e+00       0.000000000000e+00 
  288       3.193592969009e-13       3.433535485817e-15      -9.512494725455e-15       1.722160383216e-15       0.000000000000e+00       0.000000000000e+00       0.000000000000e+00 
  289       3.101912459912e-13       3.431967210222e-15      -8.950307562989e-15       1.707589533541e-15       0.000000000000e+00       0.000000000000e+00       0.000000000000e+00 
  290       3.014218649486e-13       3.429036004252e-15      -8.382179679328e-15       1.692769114997e-15       0.000000000000e+00       0.000000000000e+00       0.000000000000e+00 
  291       2.930485109966e-13       3.424755065707e-15      -7.808885212994e-15       1.677714617291e-15       0.000000000000e+00       0.000000000000e+00       0.000000000000e+00 
  292       2.850682570921e-13       3.419138471791e-15      -7.231219743505e-15       1.662441975651e-15       0.000000000000e+00       0.000000000000e+00       0.000000000000e+00 
  293       2.774778888244e-13       3.412201187978e-15      -6.650000471865e-15       1.646967574548e-15       0.000000000000e+00       0.000000000000e+00       0.000000000000e+00 
  294       2.702739013128e-13       3.403959076869e-15      -6.066066401059e-15       1.631308251417e-15       0.000000000000e+00       0.000000000000e+00       0.000000000000e+00 
  295       2.634524961055e-13       3.394428907052e-15      -5.480278516552e-15       1.615481300378e-15       0.000000000000e+00       0.000000000000e+00       0.000000000000e+00 
  296       2.570095780775e-13       3.383628361968e-15      -4.893519966776e-15       1.599504475960e-15       0.000000000000e+00       0.000000000000e+00       0.000000000000e+00 
  297       2.509407523296e-13       3.371576048765e-15      -4.306696243634e-15       1.583395996819e-15       0.000000000000e+00       0.000000000000e+00       0.000000000000e+00 
  298       2.452413210858e-13       3.358291507164e-15      -3.720735362987e-15       1.567174549463e-15       0.000000000000e+00       0.000000000000e+00       0.000000000000e+00 
  299       2.399062805925e-13       3.343795218315e-15      -3.136588045153e-15       1.550859291972e-15       0.000000000000e+00       0.000000000000e+00       0.000000000000e+00 
  300       2.349303180164e-13       3.328108613663e-15      -2.555227895399e-15       1.534469857718e-15       0.000000000000e+00       0.000000000000e+00       0.000000000000e+00 
  301       2.303078083430e-13       3.311254083803e-15      -1.977651584439e-15       1.518026359090e-15       0.000000000000e+00       0.000000000000e+00       0.000000000000e+00 
  302       2.260328112749e-13       3.293254987345e-15      -1.404879028925e-15       1.501549391213e-15       0.000000000000e+00       0.000000000000e+00       0.000000000000e+00 
  303       2.220990681299e-13       3.274135659775e-15      -8.379535719454e-16       1.485060035670e-15       0.000000000000e+00       0.000000000000e+00       0.000000000000e+00 
  304       2.184999987400e-13       3.253921422310e-15      -2.779421635159e-16       1.468579864223e-15       0.000000000000e+00       0.000000000000e+00       0.000000000000e+00 
  305       2.152286983489e-13       3.232638590766e-15       2.740644589228e-16       1.452130942539e-15       0.000000000000e+00       0.000000000000e+00       0.000000000000e+00 
  306       2.122779345111e-13       3.210314484414e-15       8.169515900112e-16       1.435735833904e-15       0.000000000000e+00       0.000000000000e+00       0.000000000000e+00 
  307       2.096401439898e-13       3.186977434841e-15       1.349580375977e-15       1.419417602950e-15       0.000000000000e+00       0.000000000000e+00       0.000000000000e+00 
  308       2.073074296552e-13       3.162656794814e-15       1.870787634139e-15       1.403199819375e-15       0.000000000000e+00       0.000000000000e+00       0.000000000000e+00 
  309       2.052715573831e-13       3.137382947137e-15       2.379385672415e-15       1.387106561666e-15       0.000000000000e+00       0.000000000000e+00       0.000000000000e+00 
  310       2.035239529533e-13       3.111187313513e-15       2.874162108823e-15       1.371162420816e-15       0.000000000000e+00       0.000000000000e+00       0.000000000000e+00 
  311       2.020556989476e-13       3.084102363404e-15       3.353879690991e-15       1.355392504053e-15       0.000000000000e+00       0.000000000000e+00       0.000000000000e+00 
  312       2.008581813185e-13       3.056160499555e-15       3.817484408431e-15       1.339818799248e-15       0.000000000000e+00       0.000000000000e+00       0.000000000000e+00 
  313       1.999250686143e-13       3.027390639218e-15       4.264740872047e-15       1.324449074089e-15       0.000000000000e+00       0.000000000000e+00       0.000000000000e+00 
  314       1.992504185301e-13       2.997821491607e-15       4.695626063441e-15       1.309287469107e-15       0.000000000000e+00       0.000000000000e+00       0.000000000000e+00 
  315       1.988280342232e-13       2.967482674386e-15       5.110123775216e-15       1.294338089793e-15       0.000000000000e+00       0.000000000000e+00       0.000000000000e+00 
  316       1.986514620104e-13       2.936404721144e-15       5.508224686433e-15       1.279605005855e-15       0.000000000000e+00       0.000000000000e+00       0.000000000000e+00 
  317       1.987139890640e-13       2.904619088883e-15       5.889926438067e-15       1.265092250458e-15       0.000000000000e+00       0.000000000000e+00       0.000000000000e+00 
  318       1.990086411088e-13       2.872158165492e-15       6.255233708465e-15       1.250803819482e-15       0.000000000000e+00       0.000000000000e+00       0.000000000000e+00 
  319       1.995281801187e-13       2.839055277229e-15       6.604158288798e-15       1.236743670768e-15       0.000000000000e+00       0.000000000000e+00       0.000000000000e+00 
  320       2.002651020133e-13       2.805344696205e-15       6.936719158523e-15       1.222915723366e-15       0.000000000000e+00       0.000000000000e+00       0.000000000000e+00 
  321       2.012116343548e-13       2.771061647858e-15       7.252942560833e-15       1.209323856788e-15       0.000000000000e+00       0.000000000000e+00       0.000000000000e+00 
  322       2.023597340443e-13       2.736242318439e-15       7.552862078116e-15       1.195971910256e-15       0.000000000000e+00       0.000000000000e+00       0.000000000000e+00 
  323       2.037010850186e-13       2.700923862489e-15       7.836518707413e-15       1.182863681951e-15       0.000000000000e+00       0.000000000000e+00       0.000000000000e+00 
  324       2.052270959470e-13       2.665144410320e-15       8.103960935871e-15       1.170002928262e-15       0.000000000000e+00       0.000000000000e+00       0.000000000000e+00 
  325       2.069288979279e-13       2.628943075497e-15       8.355244816199e-15       1.157393363039e-15       0.000000000000e+00       0.000000000000e+00       0.000000000000e+00 
  326       2.087973421852e-13       2.592359962315e-15       8.590434042127e-15       1.145038656838e-15       0.000000000000e+00       0.000000000000e+00       0.000000000000e+00 
  327       2.108229977655e-13       2.555436173283e-15       8.809600023859e-15       1.132942436175e-15       0.000000000000e+00       0.000000000000e+00       0.000000000000e+00 
  328       2.129961492340e-13       2.518213816601e-15       9.012821963532e-15       1.121108282771e-15       0.000000000000e+00       0.000000000000e+00       0.000000000000e+00 
  329       2.153067943721e-13       2.480736013644e-15       9.200186930670e-15       1.109539732806e-15       0.000000000000e+00       0.000000000000e+00       0.000000000000e+00 
  330       2.177446418731e-13       2.443046906438e-15       9.371789937639e-15       1.098240276166e-15       0.000000000000e+00       0.000000000000e+00       0.000000000000e+00 
  331       2.202991090397e-13       2.405191665145e-15       9.527734015108e-15       1.087213355692e-15       0.000000000000e+00       0.000000000000e+00       0.000000000000e+00 
  332       2.229593194799e-13       2.367216495538e-15       9.668130287499e-15       1.076462366431e-15       0.000000000000e+00       0.000000000000e+00       0.000000000000e+00 
  333       2.257141008043e-13       2.329168646488e-15       9.793098048448e-15       1.065990654887e-15       0.000000000000e+00       0.000000000000e+00       0.000000000000e+00 
  334       2.285519823225e-13       2.291096417436e-15       9.902764836258e-15       1.055801518268e-15       0.000000000000e+00       0.000000000000e+00       0.000000000000e+00 
  335       2.314611927397e-13       2.253049165882e-15       9.997266509357e-15       1.045898203734e-15       0.000000000000e+00       0.000000000000e+00       0.000000000000e+00 
  336       2.344296578532e-13       2.215077314859e-15       1.007674732175e-14       1.036283907652e-15       0.000000000000e+00       0.000000000000e+00       0.000000000000e+00 
  337       2.374449982496e-13       2.177232360416e-15       1.014135999849e-14       1.026961774842e-15       0.000000000000e+00       0.000000000000e+00       0.000000000000e+00 
  338       2.404945270011e-13       2.139566879098e-15       1.019126581111e-14       1.017934897825e-15       0.000000000000e+00       0.000000000000e+00       0.000000000000e+00 
  339       2.435652473619e-13       2.102134535427e-15       1.022663465309e-14       1.009206316077e-15       0.000000000000e+00       0.000000000000e+00       0.000000000000e+00 
  340       2.466438504656e-13       2.064990089379e-15       1.024764511532e-14       1.000779015276e-15       0.000000000000e+00       0.000000000000e+00       0.000000000000e+00 
  341       2.497167130210e-13       2.028189403870e-15       1.025448456156e-14       9.926559265501e-16       0.000000000000e+00       0.000000000000e+00       0.000000000000e+00 
  342       2.527698950095e-13       1.991789452231e-15       1.024734920387e-14       9.848399257308e-16       0.000000000000e+00       0.000000000000e+00       0.000000000000e+00 
  343       2.557891373811e-13       1.955848325691e-15       1.022644417810e-14       9.773338325994e-16       0.000000000000e+00       0.000000000000e+00       0.000000000000e+00 
  344       2.587598597519e-13       1.920425240857e-15       1.019198361931e-14       9.701404101380e-16       0.000000000000e+00       0.000000000000e+00       0.000000000000e+00 
  345       2.616671580997e-13       1.885580547195e-15       1.014419073727e-14       9.632623637789e-16       0.000000000000e+00       0.000000000000e+00       0.000000000000e+00 
  346       2.644958024616e-13       1.851375734508e-15       1.008329789187e-14       9.567023406540e-16       0.000000000000e+00       0.000000000000e+00       0.000000000000e+00 
  347       2.672302346302e-13       1.817873440418e-15       1.000954666859e-14       9.504629288443e-16       0.000000000000e+00       0.000000000000e+00       0.000000000000e+00 
  348       2.698545658501e-13       1.785137457848e-15       9.923187954005e-15       9.445466566300e-16       0.000000000000e+00       0.000000000000e+00       0.000000000000e+00 
  349       2.723552746849e-13       1.753222438506e-15       9.824488198365e-15       9.389547859717e-16       0.000000000000e+00       0.000000000000e+00       0.000000000000e+00 
  350       2.747294290120e-13       1.722142516005e-15       9.713748336399e-15       9.336836391794e-16       0.000000000000e+00       0.000000000000e+00       0.000000000000e+00 
  351       2.769768010369e-13       1.691901394082e-15       9.591285800246e-15       9.287281181933e-16       0.000000000000e+00       0.000000000000e+00       0.000000000000e+00 
  352       2.790971982881e-13       1.662502530353e-15       9.457428484396e-15       9.240828946561e-16       0.000000000000e+00       0.000000000000e+00       0.000000000000e+00 
  353       2.810904639655e-13       1.633949133672e-15       9.312514827225e-15       9.197424079781e-16       0.000000000000e+00       0.000000000000e+00       0.000000000000e+00 
  354       2.829564772907e-13       1.606244161492e-15       9.156893892527e-15       9.157008634023e-16       0.000000000000e+00       0.000000000000e+00       0.000000000000e+00 
  355       2.846951538554e-13       1.579390317217e-15       8.990925451051e-15       9.119522300691e-16       0.000000000000e+00       0.000000000000e+00       0.000000000000e+00 
  356       2.863064459715e-13       1.553390047565e-15       8.814980062033e-15       9.084902390817e-16       0.000000000000e+00       0.000000000000e+00       0.000000000000e+00 
  357       2.877903430198e-13       1.528245539921e-15       8.629439154732e-15       9.053083815707e-16       0.000000000000e+00       0.000000000000e+00       0.000000000000e+00 
  358       2.891468717997e-13       1.503958719700e-15       8.434695109965e-15       9.023999067597e-16       0.000000000000e+00       0.000000000000e+00       0.000000000000e+00 
  359       2.903760968781e-13       1.480531247698e-15       8.231151341639e-15       8.997578200297e-16       0.000000000000e+00       0.000000000000e+00       0.000000000000e+00 
  360       2.914781209393e-13       1.457964517456e-15       8.019222378286e-15       8.973748809847e-16       0.000000000000e+00       0.000000000000e+00       0.000000000000e+00 
  361       2.924530851336e-13       1.436259652616e-15       7.799333944602e-15       8.952436015163e-16       0.000000000000e+00       0.000000000000e+00       0.000000000000e+00 
  362       2.933011694272e-13       1.415417504274e-15       7.571923042974e-15       8.933562438689e-16       0.000000000000e+00       0.000000000000e+00       0.000000000000e+00 
  363       2.940225929511e-13       1.395438648346e-15       7.337438035019e-15       8.917048187048e-16       0.000000000000e+00       0.000000000000e+00       0.000000000000e+00 
  364       2.946176143507e-13       1.376323382919e-15       7.096338723119e-15       8.902810831691e-16       0.000000000000e+00       0.000000000000e+00       0.000000000000e+00 
  365       2.950865321348e-13       1.358071725609e-15       6.849096431952e-15       8.890765389547e-16       0.000000000000e+00       0.000000000000e+00       0.000000000000e+00 
  366       2.954296850251e-13       1.340683410925e-15       6.596194090029e-15       8.880824303675e-16       0.000000000000e+00       0.000000000000e+00       0.000000000000e+00 
  367       2.956474523057e-13       1.324157887619e-15       6.338126311227e-15       8.872897423912e-16       0.000000000000e+00       0.000000000000e+00       0.000000000000e+00 
  368       2.957402541718e-13       1.308494316048e-15       6.075399476327e-15       8.866891987527e-16       0.000000000000e+00       0.000000000000e+00       0.000000000000e+00 
  369       2.957085520797e-13       1.293691565530e-15       5.808531814541e-15       8.862712599866e-16       0.000000000000e+00       0.000000000000e+00       0.000000000000e+00 
  370       2.955528490956e-13       1.279748211704e-15       5.538053485055e-15       8.860261215007e-16       0.000000000000e+00       0.000000000000e+00       0.000000000000e+00 
  371       2.952736902450e-13       1.266662533886e-15       5.264506658557e-15       8.859437116406e-16       0.000000000000e+00       0.000000000000e+00       0.000000000000e+00 
  372       2.948716628624e-13       1.254432512424e-15       4.988445598775e-15       8.860136897552e-16       0.000000000000e+00       0.000000000000e+00       0.000000000000e+00 
  373       2.943473969401e-13       1.243055826062e-15       4.710436744009e-15       8.862254442615e-16       0.000000000000e+00       0.000000000000e+00       0.000000000000e+00 
  374       2.937015654775e-13       1.232529849292e-15       4.431058788668e-15       8.865680907094e-16       0.000000000000e+00       0.000000000000e+00       0.000000000000e+00 
  375       2.929348848310e-13       1.222851649716e-15       4.150902764802e-15       8.870304698470e-16       0.000000000000e+00       0.000000000000e+00       0.000000000000e+00 
  376       2.920481150625e-13       1.214017985398e-15       3.870572123637e-15       8.876011456858e-16       0.000000000000e+00       0.000000000000e+00       0.000000000000e+00 
  377       2.910420602895e-13       1.206025302230e-15       3.590682817112e-15       8.882684035652e-16       0.000000000000e+00       0.000000000000e+00       0.000000000000e+00 
  378       2.899175690336e-13       1.198869731280e-15       3.311863379408e-15       8.890202482179e-16       0.000000000000e+00       0.000000000000e+00       0.000000000000e+00 
  379       2.886755345704e-13       1.192547086159e-15       3.034755008489e-15       8.898444018351e-16       0.000000000000e+00       0.000000000000e+00       0.000000000000e+00 
  380       2.873168952788e-13       1.187052860372e-15       2.760011647631e-15       8.907283021308e-16       0.000000000000e+00       0.000000000000e+00       0.000000000000e+00 
  381       2.858426349898e-13       1.182382224679e-15       2.488300066960e-15       8.916591004078e-16       0.000000000000e+00       0.000000000000e+00       0.000000000000e+00 
  382       2.842537833363e-13       1.178530024451e-15       2.220299944982e-15       8.926236596219e-16       0.000000000000e+00       0.000000000000e+00       0.000000000000e+00 
  383       2.825514161022e-13       1.175490777029e-15       1.956703950123e-15       8.936085524474e-16       0.000000000000e+00       0.000000000000e+00       0.000000000000e+00 
  384       2.807366555716e-13       1.173258669081e-15       1.698217822261e-15       8.946000593420e-16       0.000000000000e+00       0.000000000000e+00       0.000000000000e+00 
  385       2.788106708783e-13       1.171827553961e-15       1.445560454258e-15       8.955841666116e-16       0.000000000000e+00       0.000000000000e+00       0.000000000000e+00 
  386       2.767746783553e-13       1.171190949064e-15       1.199463973498e-15       8.965465644759e-16       0.000000000000e+00       0.000000000000e+00       0.000000000000e+00 
  387       2.746299418833e-13       1.171342033185e-15       9.606738234197e-16       8.974726451328e-16       0.000000000000e+00       0.000000000000e+00       0.000000000000e+00 
  388       2.723780636612e-13       1.172271701108e-15       7.298233653452e-16       8.983496786702e-16       0.000000000000e+00       0.000000000000e+00       0.000000000000e+00 
  389       2.700218677906e-13       1.173962652526e-15       5.070523464772e-16       8.991734344786e-16       0.000000000000e+00       0.000000000000e+00       0.000000000000e+00 
  390       2.675645504279e-13       1.176395076830e-15       2.923743204202e-16       8.999418037199e-16       0.000000000000e+00       0.000000000000e+00       0.000000000000e+00 
  391       2.650093929264e-13       1.179548571731e-15       8.580082003892e-17       9.006526436432e-16       0.000000000000e+00       0.000000000000e+00       0.000000000000e+00 
  392       2.623597624162e-13       1.183402139082e-15      -1.126586607707e-16       9.013037773810e-16       0.000000000000e+00       0.000000000000e+00       0.000000000000e+00 
  393       2.596191123853e-13       1.187934180688e-15      -3.029966853111e-16       9.018929937457e-16       0.000000000000e+00       0.000000000000e+00       0.000000000000e+00 
  394       2.567909832590e-13       1.193122494116e-15      -4.852078923125e-16       9.024180470268e-16       0.000000000000e+00       0.000000000000e+00       0.000000000000e+00 
  395       2.538790029804e-13       1.198944268515e-15      -6.592890141625e-16       9.028766567867e-16       0.000000000000e+00       0.000000000000e+00       0.000000000000e+00 
  396       2.508868875905e-13       1.205376080423e-15      -8.252388951357e-16       9.032665076576e-16       0.000000000000e+00       0.000000000000e+00       0.000000000000e+00 
  397       2.478184418089e-13       1.212393889581e-15      -9.830585096229e-16       9.035852491379e-16       0.000000000000e+00       0.000000000000e+00       0.000000000000e+00 
  398       2.446775596131e-13       1.219973034749e-15      -1.132750980361e-15       9.038304953889e-16       0.000000000000e+00       0.000000000000e+00       0.000000000000e+00 
  399       2.414682248195e-13       1.228088229518e-15      -1.274321596661e-15       9.039998250313e-16       0.000000000000e+00       0.000000000000e+00       0.000000000000e+00 
  400       2.381945116632e-13       1.236713558119e-15      -1.407777832640e-15       9.040907809418e-16       0.000000000000e+00       0.000000000000e+00       0.000000000000e+00 
  401       2.348605853784e-13       1.245822471243e-15      -1.533129365449e-15       9.041008700494e-16       0.000000000000e+00       0.000000000000e+00       0.000000000000e+00 
  402       2.314707027785e-13       1.255387781849e-15      -1.650388093502e-15       9.040275631321e-16       0.000000000000e+00       0.000000000000e+00       0.000000000000e+00 
  403       2.280292128363e-13       1.265381660979e-15      -1.759568154709e-15       9.038682946137e-16       0.000000000000e+00       0.000000000000e+00       0.000000000000e+00 
  404       2.245405572642e-13       1.275775633571e-15      -1.860685944698e-15       9.036204623598e-16       0.000000000000e+00       0.000000000000e+00       0.000000000000e+00 
  405       2.210092710944e-13       1.286540574269e-15      -1.953760135054e-15       9.032814274749e-16       0.000000000000e+00       0.000000000000e+00       0.000000000000e+00 
  406       2.174399832594e-13       1.297646703244e-15      -2.038811691540e-15       9.028485140984e-16       0.000000000000e+00       0.000000000000e+00       0.000000000000e+00 
  407       2.138374171716e-13       1.309063581997e-15      -2.115863892332e-15       9.023190092019e-16       0.000000000000e+00       0.000000000000e+00       0.000000000000e+00 
  408       2.102063913040e-13       1.320760109180e-15      -2.184942346247e-15       9.016901623848e-16       0.000000000000e+00       0.000000000000e+00       0.000000000000e+00 
  409       2.065518197703e-13       1.332704516406e-15      -2.246075010971e-15       9.009591856716e-16       0.000000000000e+00       0.000000000000e+00       0.000000000000e+00 
  410       2.028787129051e-13       1.344864364059e-15      -2.299292211290e-15       9.001232533082e-16       0.000000000000e+00       0.000000000000e+00       0.000000000000e+00 
  411       1.991921778438e-13       1.357206537115e-15      -2.344626657320e-15       8.991795015584e-16       0.000000000000e+00       0.000000000000e+00       0.000000000000e+00 
  412       1.954974191034e-13       1.369697240946e-15      -2.382113462734e-15       8.981250285002e-16       0.000000000000e+00       0.000000000000e+00       0.000000000000e+00 
  413       1.917997391621e-13       1.382301997140e-15      -2.411790162995e-15       8.969568938230e-16       0.000000000000e+00       0.000000000000e+00       0.000000000000e+00 
  414       1.881045390401e-13       1.394985639311e-15      -2.433696733582e-15       8.956721186236e-16       0.000000000000e+00       0.000000000000e+00       0.000000000000e+00 
  415       1.844173188790e-13       1.407712308913e-15      -2.447875608221e-15       8.942676852029e-16       0.000000000000e+00       0.000000000000e+00       0.000000000000e+00 
  416       1.807436785230e-13       1.420445451050e-15      -2.454371697116e-15       8.927405368624e-16       0.000000000000e+00       0.000000000000e+00       0.000000000000e+00 
  417       1.770893180982e-13       1.433147810296e-15      -2.453232405177e-15       8.910875777010e-16       0.000000000000e+00       0.000000000000e+00       0.000000000000e+00 
  418       1.734600385935e-13       1.445781426499e-15      -2.444507650247e-15       8.893056724111e-16       0.000000000000e+00       0.000000000000e+00       0.000000000000e+00 
  419       1.698617424402e-13       1.458307630604e-15      -2.428249881337e-15       8.873916460755e-16       0.000000000000e+00       0.000000000000e+00       0.000000000000e+00 
  420       1.663004340928e-13       1.470687040456e-15      -2.404514096851e-15       8.853422839639e-16       0.000000000000e+00       0.000000000000e+00       0.000000000000e+00 
  421       1.627822206088e-13       1.482879556621e-15      -2.373357862817e-15       8.831543313293e-16       0.000000000000e+00       0.000000000000e+00       0.000000000000e+00 
  422       1.593133122288e-13       1.494844358195e-15      -2.334841331116e-15       8.808244932046e-16       0.000000000000e+00       0.000000000000e+00       0.000000000000e+00 
  423       1.559000229573e-13       1.506539898620e-15      -2.289027257715e-15       8.783494341993e-16       0.000000000000e+00       0.000000000000e+00       0.000000000000e+00 
  424       1.525487711423e-13       1.517923901492e-15      -2.235981020889e-15       8.757257782959e-16       0.000000000000e+00       0.000000000000e+00       0.000000000000e+00 
  425       1.492660800557e-13       1.528953356381e-15      -2.175770639457e-15       8.729501086462e-16       0.000000000000e+00       0.000000000000e+00       0.000000000000e+00 
  426       1.460585784737e-13       1.539584514637e-15      -2.108466791011e-15       8.700189673686e-16       0.000000000000e+00       0.000000000000e+00       0.000000000000e+00 
  427       1.429318679814e-13       1.549779828182e-15      -2.034163144526e-15       8.669300074456e-16       0.000000000000e+00       0.000000000000e+00       0.000000000000e+00 
  428       1.398870812637e-13       1.559529034403e-15      -1.953038082939e-15       8.636854919975e-16       0.000000000000e+00       0.000000000000e+00       0.000000000000e+00 
  429       1.369242078621e-13       1.568828780370e-15      -1.865295116322e-15       8.602889136602e-16       0.000000000000e+00       0.000000000000e+00       0.000000000000e+00 
  430       1.340432167076e-13       1.577675745043e-15      -1.771142788692e-15       8.567438537913e-16       0.000000000000e+00       0.000000000000e+00       0.000000000000e+00 
  431       1.312440559563e-13       1.586066639652e-15      -1.670794709583e-15       8.530539830232e-16       0.000000000000e+00       0.000000000000e+00       0.000000000000e+00 
  432       1.285266528259e-13       1.593998208060e-15      -1.564469585612e-15       8.492230618160e-16       0.000000000000e+00       0.000000000000e+00       0.000000000000e+00 
  433       1.258909134316e-13       1.601467227139e-15      -1.452391252051e-15       8.452549410105e-16       0.000000000000e+00       0.000000000000e+00       0.000000000000e+00 
  434       1.233367226220e-13       1.608470507143e-15      -1.334788704389e-15       8.411535623814e-16       0.000000000000e+00       0.000000000000e+00       0.000000000000e+00 
  435       1.208639438156e-13       1.615004892079e-15      -1.211896129907e-15       8.369229591902e-16       0.000000000000e+00       0.000000000000e+00       0.000000000000e+00 
  436       1.184724188364e-13       1.621067260076e-15      -1.083952939239e-15       8.325672567382e-16       0.000000000000e+00       0.000000000000e+00       0.000000000000e+00 
  437       1.161619677505e-13       1.626654523763e-15      -9.512037979466e-16       8.280906729196e-16       0.000000000000e+00       0.000000000000e+00       0.000000000000e+00 
  438       1.139323887017e-13       1.631763630633e-15      -8.138986580843e-16       8.234975187746e-16       0.000000000000e+00       0.000000000000e+00       0.000000000000e+00 
  439       1.117834577478e-13       1.636391563422e-15      -6.722927897672e-16       8.187921990422e-16       0.000000000000e+00       0.000000000000e+00       0.000000000000e+00 
  440       1.097149286968e-13       1.640535340479e-15      -5.266468127404e-16       8.139792127136e-16       0.000000000000e+00       0.000000000000e+00       0.000000000000e+00 
  441       1.077265329427e-13       1.644192016135e-15      -3.772267279465e-16       8.090631535847e-16       0.000000000000e+00       0.000000000000e+00       0.000000000000e+00 
  442       1.058179793017e-13       1.647358681078e-15      -2.243039490938e-16       8.040487108097e-16       0.000000000000e+00       0.000000000000e+00       0.000000000000e+00 
  443       1.039889538486e-13       1.650032462724e-15      -6.815533422489e-17       7.989406694539e-16       0.000000000000e+00       0.000000000000e+00       0.000000000000e+00 
  444       1.022391197523e-13       1.652210525590e-15       9.093678271551e-17       7.937439110465e-16       0.000000000000e+00       0.000000000000e+00       0.000000000000e+00 
  445       1.005681171122e-13       1.653890071662e-15       2.526845603123e-16       7.884634141339e-16       0.000000000000e+00       0.000000000000e+00       0.000000000000e+00 
  446       9.897556279441e-14       1.655068340772e-15       4.167946181118e-16       7.831042548328e-16       0.000000000000e+00       0.000000000000e+00       0.000000000000e+00 
  447       9.746105026758e-14       1.655742610967e-15       5.829680050535e-16       7.776716073831e-16       0.000000000000e+00       0.000000000000e+00       0.000000000000e+00 
  448       9.602414943908e-14       1.655910198882e-15       7.509001679021e-16       7.721707447006e-16       0.000000000000e+00       0.000000000000e+00       0.000000000000e+00 
  449       9.466440649109e-14       1.655568460112e-15       9.202809196792e-16       7.666070389308e-16       0.000000000000e+00       0.000000000000e+00       0.000000000000e+00 
  450       9.338134371669e-14       1.654714789581e-15       1.090794408095e-15       7.609859620012e-16       0.000000000000e+00       0.000000000000e+00       0.000000000000e+00 
  451       9.217445935589e-14       1.653346621920e-15       1.262119083980e-15       7.553130861748e-16       0.000000000000e+00       0.000000000000e+00       0.000000000000e+00 
  452       9.104322743176e-14       1.651461431832e-15       1.433927669717e-15       7.495940846028e-16       0.000000000000e+00       0.000000000000e+00       0.000000000000e+00 
  453       8.998709758649e-14       1.649056734469e-15       1.605887127675e-15       7.438347318780e-16       0.000000000000e+00       0.000000000000e+00       0.000000000000e+00 
  454       8.900549491750e-14       1.646130085803e-15       1.777658628635e-15       7.380409045873e-16       0.000000000000e+00       0.000000000000e+00       0.000000000000e+00 
  455       8.809781981346e-14       1.642679082995e-15       1.948897520230e-15       7.322185818653e-16       0.000000000000e+00       0.000000000000e+00       0.000000000000e+00 
  456       8.726344779044e-14       1.638701364769e-15       2.119253295369e-15       7.263738459471e-16       0.000000000000e+00       0.000000000000e+00       0.000000000000e+00 
  457       8.650172932794e-14       1.634194611787e-15       2.288369560676e-15       7.205128827211e-16       0.000000000000e+00       0.000000000000e+00       0.000000000000e+00 
  458       8.581198970500e-14       1.629156547015e-15       2.455884004915e-15       7.146419822825e-16       0.000000000000e+00       0.000000000000e+00       0.000000000000e+00 
  459       8.519352883628e-14       1.623584936098e-15       2.621428367428e-15       7.087675394858e-16       0.000000000000e+00       0.000000000000e+00       0.000000000000e+00 
  460       8.464562110813e-14       1.617477587733e-15       2.784628406561e-15       7.028960544983e-16       0.000000000000e+00       0.000000000000e+00       0.000000000000e+00 
  461       8.416751521467e-14       1.610832354038e-15       2.945103868101e-15       6.970341333529e-16       0.000000000000e+00       0.000000000000e+00       0.000000000000e+00 
  462       8.375843399389e-14       1.603647130928e-15       3.102468453705e-15       6.911884885012e-16       0.000000000000e+00       0.000000000000e+00       0.000000000000e+00 
  463       8.341757426370e-14       1.595919858482e-15       3.256329789332e-15       6.853659393663e-16       0.000000000000e+00       0.000000000000e+00       0.000000000000e+00 
  464       8.314410665804e-14       1.587648521319e-15       3.406289393675e-15       6.795734128964e-16       0.000000000000e+00       0.000000000000e+00       0.000000000000e+00 
  465       8.293717546297e-14       1.578831148968e-15       3.551942646594e-15       6.738179441170e-16       0.000000000000e+00       0.000000000000e+00       0.000000000000e+00 
  466       8.279574006855e-14       1.569468713656e-15       3.692945892378e-15       6.681057517866e-16       0.000000000000e+00       0.000000000000e+00       0.000000000000e+00 
  467       8.271809421449e-14       1.559573922417e-15       3.829220117726e-15       6.624394324978e-16       0.000000000000e+00       0.000000000000e+00       0.000000000000e+00 
  468       8.270233142268e-14       1.549162700021e-15       3.960753566202e-15       6.568206801232e-16       0.000000000000e+00       0.000000000000e+00       0.000000000000e+00 
  469       8.274650177490e-14       1.538251318319e-15       4.087535183263e-15       6.512512028427e-16       0.000000000000e+00       0.000000000000e+00       0.000000000000e+00 
  470       8.284861166159e-14       1.526856398214e-15       4.209554621717e-15       6.457327231865e-16       0.000000000000e+00       0.000000000000e+00       0.000000000000e+00 
  471       8.300662353061e-14       1.514994911628e-15       4.326802247165e-15       6.402669780783e-16       0.000000000000e+00       0.000000000000e+00       0.000000000000e+00 
  472       8.321845563596e-14       1.502684183476e-15       4.439269143461e-15       6.348557188784e-16       0.000000000000e+00       0.000000000000e+00       0.000000000000e+00 
  473       8.348198178653e-14       1.489941893628e-15       4.546947118155e-15       6.295007114264e-16       0.000000000000e+00       0.000000000000e+00       0.000000000000e+00 
  474       8.379503109484e-14       1.476786078888e-15       4.649828707949e-15       6.242037360846e-16       0.000000000000e+00       0.000000000000e+00       0.000000000000e+00 
  475       8.415538772583e-14       1.463235134955e-15       4.747907184149e-15       6.189665877809e-16       0.000000000000e+00       0.000000000000e+00       0.000000000000e+00 
  476       8.456079064555e-14       1.449307818399e-15       4.841176558110e-15       6.137910760515e-16       0.000000000000e+00       0.000000000000e+00       0.000000000000e+00 
  477       8.500893336993e-14       1.435023248625e-15       4.929631586692e-15       6.086790250845e-16       0.000000000000e+00       0.000000000000e+00       0.000000000000e+00 
  478       8.549746371352e-14       1.420400909851e-15       5.013267777709e-15       6.036322737626e-16       0.000000000000e+00       0.000000000000e+00       0.000000000000e+00 
  479       8.602398353826e-14       1.405460653066e-15       5.092081395383e-15       5.986526757062e-16       0.000000000000e+00       0.000000000000e+00       0.000000000000e+00 
  480       8.658604850218e-14       1.390222698010e-15       5.166069465790e-15       5.937420993161e-16       0.000000000000e+00       0.000000000000e+00       0.000000000000e+00 
  481       8.718116780820e-14       1.374707635138e-15       5.235229782312e-15       5.889024278173e-16       0.000000000000e+00       0.000000000000e+00       0.000000000000e+00 
  482       8.780680395283e-14       1.358936427591e-15       5.299560911093e-15       5.841355593013e-16       0.000000000000e+00       0.000000000000e+00       0.000000000000e+00 
  483       8.846037247494e-14       1.342930413166e-15       5.359062196484e-15       5.794434067694e-16       0.000000000000e+00       0.000000000000e+00       0.000000000000e+00 
  484       8.913924170451e-14       1.326711306287e-15       5.413733766498e-15       5.748278981757e-16       0.000000000000e+00       0.000000000000e+00       0.000000000000e+00 
  485       8.984073251134e-14       1.310301199968e-15       5.463576538256e-15       5.702909764702e-16       0.000000000000e+00       0.000000000000e+00       0.000000000000e+00 
  486       9.056211805385e-14       1.293722567793e-15       5.508592223444e-15       5.658345996419e-16       0.000000000000e+00       0.000000000000e+00       0.000000000000e+00 
  487       9.130062352779e-14       1.276998265877e-15       5.548783333762e-15       5.614607407614e-16       0.000000000000e+00       0.000000000000e+00       0.000000000000e+00 
  488       9.205342591499e-14       1.260151534839e-15       5.584153186371e-15       5.571713880246e-16       0.000000000000e+00       0.000000000000e+00       0.000000000000e+00 
  489       9.281765373211e-14       1.243206001771e-15       5.614705909349e-15       5.529685447950e-16       0.000000000000e+00       0.000000000000e+00       0.000000000000e+00 
  490       9.359038677940e-14       1.226185682210e-15       5.640446447141e-15       5.488542296473e-16       0.000000000000e+00       0.000000000000e+00       0.000000000000e+00 
  491       9.436865588941e-14       1.209114982104e-15       5.661380566006e-15       5.448304764103e-16       0.000000000000e+00       0.000000000000e+00       0.000000000000e+00 
  492       9.514944267577e-14       1.192018699782e-15       5.677514859475e-15       5.408993342096e-16       0.000000000000e+00       0.000000000000e+00       0.000000000000e+00 
  493       9.592967928194e-14       1.174922027927e-15       5.688856753794e-15       5.370628675111e-16       0.000000000000e+00       0.000000000000e+00       0.000000000000e+00 
  494       9.670624812992e-14       1.157850555541e-15       5.695414513381e-15       5.333231561636e-16       0.000000000000e+00       0.000000000000e+00       0.000000000000e+00 
  495       9.747598166901e-14       1.140830269920e-15       5.697197246276e-15       5.296822954422e-16       0.000000000000e+00       0.000000000000e+00       0.000000000000e+00 
  496       9.823566212458e-14       1.123887558616e-15       5.694214909588e-15       5.261423960912e-16       0.000000000000e+00       0.000000000000e+00       0.000000000000e+00 
  497       9.898202124680e-14       1.107049211416e-15       5.686478314951e-15       5.227055843668e-16       0.000000000000e+00       0.000000000000e+00       0.000000000000e+00 
  498       9.971174005936e-14       1.090342422304e-15       5.673999133971e-15       5.193740020808e-16       0.000000000000e+00       0.000000000000e+00       0.000000000000e+00 
  499       1.004214486083e-13       1.073794791434e-15       5.656789903682e-15       5.161498066429e-16       0.000000000000e+00       0.000000000000e+00       0.000000000000e+00 
  500       1.011077257106e-13       1.057434327098e-15       5.634864031989e-15       5.130351711044e-16       0.000000000000e+00       0.000000000000e+00       0.000000000000e+00 
