20 20 20
19 14 13 15 15 15  6 20 83  3 11 93 12 16 88 11 17 10  8  8 91  4  6 24 13 13 76  7  1  1 16 10 97 18  4 28  5  2  3  9 19  6  2 18 76 10 12  5 20  5 97  1  9 56 17  3 94 14  7 81
11 20 27  7 15 66  1 10 29  5 14  4 18 13 60 14  2 35  3 18 26 17 16 21  4  4 79  6 12 92  2  3 56 20  5 64  8  6 44 16  1 94 10  8 22  9  9  1 12 17 41 13 19 67 19 11  9 15  7 82
 5 16 49 18  3  2 12  7 11 17  8 35 10 17 30 16 15 29 14 19 85 15 11 76  7  2  8  1 20 94 19  6 70 13 18 14  2 10 81 11  5 49  9 12 31  3 13 36  6  1 75  4  4 49  8 14 87 20  9 88
 3 16  7 15 10 22 10 13 38  4 18 43  8  3 18 17 11 60 19  5 57  5 19 37  2  4 73 12 15 13  1 20 64  6  9 88 20  1 38 14 14 94 13  7 16 11  2  5  9  6  7  7 12 32 16 17 15 18  8 25
16  4 28 19  6 70  3 19 67  6 16 47 20 20  6 14 14 59  4 15 25 13 12 76 11 17 38 10  9 49  5 10 89  8  1 88 17 13 90  9  2 67  1  7 46 12 18 13 15 11 20  2  5 14 18  8 62  7  3 88
 3 19 84 20 15 91 11  9 37  6 17 61 15  3 27 13  1 43 19 11 81 18  2 62  9 13 40 16  4 75 10 10  7  8  7 59  7 20 10  5  5 28 17  6 28  1 14 79 14 18 73  4  8 93 12 12 10  2 16 13
 7 16  8 17  6 20 14 20 79  8 10 49 15 18  4 13  4 62  4  2 31 19 14 97 11  7 16  1  1 98 12  5 62 18 11 81  5  3 13  9 12 63  2 19 59  6 13 91 20  8 74 10 17 73  3  9 93 16 15 48
10 10 23  3  6 13  2  3 77 19  7  7  1 17 22 20 13 20 18  9 89  6  5 97  7  4 97 15  1 58  5  8 51 16  2 28 17 14 67 12 15 21  9 16 53  8 20 18  4 18 86 11 19 41 14 11 23 13 12 16
 9  1  9  1  4  7 11  9 20  3  5 62  2 13 56  6 17 33 17  3 88 19  8 81 18 16 86  7  7 16 20 11 21  8  6 28 10 20 81 14 12 43  4 18 78  5 15 36 15 14 97 13  2 19 16 19 58 12 10 16
17 16 74  2  7 89 11  1 68 14  4 16  8  3 85 18 13 17  9 20  3  1  2 45 10 14 55  6 12 70 15 15 35 20  6 91  3  5 65  4  8 31 13 18 42  7 17 76  5 10 74 12  9 63 19 19  4 16 11 39
20 11 57  7 18 72 13  7 57 15 15 46  6  9 15 16 12 86  5  3 55 12  8 95  9 19 41  2 13 34 18 16 83 19  6 27 14 10 73 11  1 53  1 20 68  3  4 65  8 17 83 17 14 96  4  2 95 10  5 21
13 20 73 17 17  9 19  4 79 11 13 24 12 15  4  4 19 42 18 16 96  6  5 97  1  3 43  5  8 56  2 10 40  9  2 59  3 14 69 14  1 69 20 18 78 16  7 39 15  9 98  8  6 79 10 12 24  7 11 86
 6  2 22 18  7 91  7 20 85  2 13 42 10  8 19  5 12 52 11  3  2  1 14 68  9  9 78 15  6 24 13 19 68  8 17 13 17 10 75 20  5 14  4  4 43  3 11 55 19 16 20 16 15  3 12  1 39 14 18 39
 7 16 57  8  7  8  2 20 25 20  2 55 13  1 56 16 14 23  4 13 13 11 11 86  1 12 25  5  5 73 15  9 51  3 15 16 18  6 11  6 17 95  9  4 45 12 10 73 14 18 18 19  3 32 17 19 91 10  8 65
 7 16 99 15 19 96  6 10 60 10 14 88  5  6  1 16 18 53  8  4 28 19  7 52 11 17 56  1 13 99 17 11 51 20 12 16 14  1 53 12 20 77  3  3 59  2  8 80 13 15 96 18  9 33  9  2 61  4  5 69
20  7 33 11 14 96  1 18 69  6  2 96 16 10 68 19 15 68 13 17 48 18  3 61  9 12 27 12  5 45  3  8 84 14  9 45 10 13  9  4 19 54  5  6 46  7  4  9 17 20 84 15 16 70  2  1 67  8 11 14
 6 20 38 15  8 46  4 13 73 20 14 72  7  2 61  2  4 86  3  6 60 10 10 10 19 12 59 16 17 65  9 15 94 13  5 71 14  7 25  1 18 98 11 16 49  5  3 43  8 11  8 18  9 90 12 19 21 17  1 73
14  8 68 12 18 28 15  1 38 20 20 36 19  9 93 18 16 35 13  5 37  8 13 28  4 17 62  1 12 86 10 19 65  5 14 11 17 11 20  3 10 82  6 15 23 11  2 33 16  6 67  2  4 96  7  3 91  9  7 83
18 20 81  3  3 60 13 14 88 19 16 20 14  6 62  9 13 22 11 17 79  5  2 38 12 12 40  8  7 82 17  5 13  1  1 14 20  9 73  7 19 88  4 11 24 10 10 16 16  4 78 15  8 70  2 15 53  6 18 68
16  4 73  4  3 90  8 15 58 10 16  7  3 20  4 17 10 93  2 17 52 19 12 63  9 14 13 14 11 19  7  8 41  1  9 71 18 18 59  5  6 19 20 13 60 12  1 85 13 19 99  6  2 73 15  5 95 11  7 19