20 20 20
 5  8 36  6 20 20 15 16 29  8  3 61 16 10 70  4 15 11  3 13 64 12 12 83  1 11 82 10  1 60 19 14 42 13  6 53 17  4  8  2 17 39 11  5 77 18  7 83 14 19 80 20  9  5  9 18 92  7  2 53
 4 15 99  8 11 86 11  4 57 17 14 55 16  6 89 15  3 48  2  1 82  6  7 14 20  8 37 13 17 87 18 18 77 19  5  5 12 13 28  1 12 18 14 19 28  7  9 79  9 10 21  5  2 18  3 16 82 10 20 83
11  3 89 17  7 50 15  4 94 16 10 59  3 18 64 18 20 42 20 14 45  2  6 69  5 13 33  1  2 61 10 12 53 13 19 79 19 16  5 14  8 65  9 11 39  7 17 86 12  5 68  6  9 17  8 15 61  4  1 74
 3  5 65  2  4 17 19  7  5  5 13  3 12  6  4 20  2 37 17 10 20  6 18 22  7 14 60 18  3  5  8 17 30  9 19 42 15  8 30  1  9  5 13  1 52 11 20  4 16 12 69 14 16 89 10 11 97  4 15  9
 7  8 44  2  2 14  9 16 22 13 20 29 14 14 98 15  9 20  4 12 47 19 11 70  8 19 70 20  5 76  5 15  7 11 17 46 10  6 60 12 10 96  1 18 50 18  3 18 17  1 91 16 13 89  3  4 64  6  7 34
15 17 82 17  2 73  4 18 94 10  4  2 12 19 21 11  1 48  9  5 51 16  8 85 18 14 85  7 13 17 19  7 44  6  6 47  2  9 62  1  3 96 20 11 54  5 16 69  3 20 35 14 10 54  8 12 76 13 15 61
 1 18 85  4  6  9 10 19 47 11  2 58 15 10 87  7  4 70  2 15  6  6 17 30 18  7 31 12 11 73  3 12 43 17 14 28  9 16 31 16 13 85 14  1 72  8  3 38 13  8 58 20 20 16  5  5 34 19  9 14
16 16 85 15 20  4 14 13  2  6  1 75 20  8 77  3 17 30  9 11 88 11  6 84 13  4 66  2 19 86 18  2 28  8  7  8  7  9  4 12  3 18 17  5 40 10 18  1  5 14 40 19 12  6  4 15 36  1 10 26
 7  6 35  4  1 76  9 20 46 20  8 77 12 19 52 17  5  1 14  2 44  3 12 18  5  4 52 11 16 70 15 11 40 18 18 47  8  7 18  6 14 38  1 13 13  2 10 43 16 15 51 10  3 31 13 17 77 19  9 21
 3  8  6  1  2 32  4  9 26  8 11 12  9  4  1 11  3  1 15  1 15  2 12 26 13 18 71 17 19 69  7 15 89  5 10 93 16  6 63 10 17 42 18 20 18  6 13  1 12 14 32 19  7 11 20 16 94 14  5 69
 7 20  2  3  9 16  1 17 12 14 19 88  5  8 25 11 15 16 18 14 35 13  1 10 17  3 98  6 13 52 16 16 27  8 12 42 20  7  1 15  4 49  4 11 28 19 18 41  9  6  6 10 10 32  2  2 89 12  5 60
20  2 64  4 11 10  6 18 36 11 16 34 15  6 46 10 13  6  9 15 86 13  8  9 16 14 28  8  5 25  2  4 14  5 10  3 14  3 79  3 12 92 17  9 72 19  1 81  1  7 25  7 20 60 18 17 48 12 19 26
 5 11 59 14  5 74  3  4  8 18 18 65  7 20 44  2  7 87 17  1 71  8 16 50 10 19 67 15  3 66  4  6 21 20 15 77 12 10 93 13  8 54 16 12 74  9  2 10  6 13 46 19  9 84  1 14 59 11 17 54
14 17 38  8  3 26  2 15 32 10 16 95  9  1 56  6 19 28  1  9 85  7 20 20 16  7 98 20  2 25 17  8 45 13 14 60 15 10 76  5 11 79  4 18 97 12 12 14 19  6 79  3  4 93 11 13 25 18  5 41
 2 13 17  9 20 34 15 15 86  5  4 36 18 18 23 17  7  8  4 17 61 19  6  5 16 19 41  3  9 17 20 12 62  6  3 19  8  2 56 13 11 42 11 10  8 10  8  6 14  1 84  1 14 83 12  5 65  7 16 67
19 10 75 17  8 66 12  6 85  8  2 66 18 13 18 14 15 77  9 14 16  5  1 41  3  3 69 11 19 65 15 17 18  4  5 85  7  4 35  1 16 85  2 18 51 10  7 92  6  9 87 13 11 30 16 20 21 20 12 29
 8  2 70 12 13 61  5  3 71  1 17 83 20 12 83  6  4 31  4 19  1 15 14 29  2 18 49 16  8 71 19 16  1 18  7 34 14 10 69 10 15 86 11 11 93  7  9 22  9  1 84 13 20 10  3  5 83 17  6 63
13 18 31  7  2  3 14 12 14 17 19 98 18 15 93 20  1 81  4  9 23  8 14 34  3  8 25 19 17 16  1  3 72 16 10 51 15 20 42  6 11 31  5 16 61  2  7 46 12  6 88 11 13 33 10  5 27  9  4 85
18  8 70  8 12 56  2 11 70 13 16 50  9  1 25  7 13 19 17 17 79  6  7 79 11 14 47 14  9 40 19  6 67  5 20 43 16  5 65 15  4 84  3  3 61  1 19 30 12 15 56 10  2 19  4 18 91 20 10 68
11 11 94  5 16  7  1  5  2 15  4 95  9  3 60 10  1 82 12 15 76 18 17 36 14 12  8  7 18 85  3  2  7  8 19 44 19 13  2 13  6 72 20  8 91  6  7 58  2 20 67 16 14 84  4  9 34 17 10 19