30 15 15
10  5 40 15 10  1  4  9 76 12 12 71  9  6 53 14  1 28  6  8 17  7  4  7 13 13  7  2  2 78 11  7 62  8 11 93  3  3 14  1 14 11  5 15 30
 5  8 84  6  6 84  4  7 55  8 13 39 13  5 82 11 12 60 15  9 74  1 15  2  3  2 90 14  4 33  2  1 87  9 10 81 12 11 39 10 14 15  7  3 87
 6  6 93  1  3 73  5  8 88  7 14 29  4 10 16 12  1 96 10  2 43 15 15 89  3 12 43  2  4 97  8  7 41 14  5 93 11  9 84  9 11 87 13 13 75
 5  6 58  4  9 58 11  2 53  7  8 32 12 10 73 13 15 34 15  7  5 10 11 74  9  4 46  3 13 98  8 12 47  6  1 60  1  3 81  2 14  5 14  5 57
 5 11 79 12  7 38  9  6 30 15 14 98  4 13 37  8  9 68 10  3 58 11 15 96  2  2 16  7  5 80  3 12 21 13  1 29 14  8 27  1  4 25  6 10 49
 7 13 60  3  7 83  9  1 18  4 10 45  8 12 64  5  5 79 14 11 42 13 15 84  1  2 15  6  8 13 12  3 77  2 14 66 11  6 15 15  9 17 10  4 12
 3  6 23 11 13 90  9 10 74  4  8 85  5  5 59  1 15 46  6  3 70 13 12 22 10  9 26 15  7 18  8  2  3  7  4 94  2  1 75 14 11 11 12 14 33
15  9 82 13  8 59  7 14 38  2 11 48 12  4  5  4  7 27 10  3 67 14  1 21 11  2  9  8 13 28  5  5 37  3 15 11  9 12  9  1  6 50  6 10 45
 2  1 82  9 10 61 12  6  6  8  9 14  6  2 99 10  5 39  4  7 53  3  3 73 15 12 96 14 11 58 13 15 50  5 13 86  7 14  2  1  4 34 11  8 28
 5  7 58 15 12 31 13 14 83  9  3 21  2  1 34 14 13 83 10 10 28 12  5 26  7 15 85  1  2 97 11  9 53  8  4 39  3 11 99  6  6 79  4  8 21
15 11 85  8  7 76  6 12 27  9  6  8  5 14 54 14 13 85 12 10 80  2  1 37 11  8 62 10  9 28 13  3 48  3 15 26  7  2 94  4  4 42  1  5  8
 1 15 94 15  1 99  9  7  2 14 12 95 11  9 19  5  4 93  6  6 61  8  8 78 10  3 84  4 10 93  2  2 59 12 14 63 13  5 46  3 13 25  7 11 19
10 13 97  8 15  9  7  4 29 13  8 16  6  3 24 12  2 40 11  5 56  9 11 44  4 10 23  2 12 56  1  9 88  5  1 78  3 14 89 15  7 46 14  6 87
 7 15 49 11  8  5  9 11 75  5  2 57  8 14 44 13  1  8 14  3 47 15 13 82  3 12 17  4  9 71 12  5 89  6  4 23 10 10 84  1  6 56  2  7 80
13  3 14 12  8 91 14  5 96  3  6 10  5  2 54  9  9 46  8 13 60  7 10 98 11  4 24  6  7 71  1  1 65  4 12 37 10 15 51 15 14 57  2 11 21
 6  3 94 11 13 79  3 12  9  5 10 36 12  5 22  7  1  8  4  2 68  9 14 67  1  9 46 15  4 89 13  8 30  8  6  5 14 15 39 10 11 28  2  7 80
13  6 46  8  2 27 14 15 21  6  3 55  7  1 61  1 14 14  5 10 17 10  8 44 12  5 23 11  9 50  4 12 94  2 11 10  3 13 34  9  7 72 15  4 97
 9  9 33  7  3 54  3  1 31 14  6 18  4 13 13 12 10 52  2 12 21 15  7 69  8 14 35  6 11 19  5 15 11 13  2 91 10  4 63  1  8 37 11  5 47
 2  7  9 14 10 14 12  8 27 11  3 20 13  9 11  8 15  2  3  1 77  1  6 95  7 11 99  4  2 46 15  5  1 10 14 18  9  4  2  5 12 17  6 13 34
13 13 13 14  2 71  6  5 82 12  6 94 11  1  8  9  3 28 15 10 85  7  9  4  1 12 31  2 14 35  4 15 33  8  7 21  3  8 87  5 11 94 10  4 83
 8  6  5 14  9 50 11 13 85  6  2 73 13 10 36  4  4 56  1  3 40 15 11 80  5  7 67  9 14 16  2 12 66  3  1 56 10  8 67  7 15 74 12  5 75
 3  1 94  2  2 74 10  5 97  8 11 74  5  9 43  7 13 63  4  3 18 14 15 98 13  7 98 11 10 80  6 14 48  9  8 65 15  6 66 12 12 45  1  4  3
15  4 61  3 11  8  7  7 24  9 10 29 14  1  1 10  2 58 13 15 58  4  3 56 12  9 42 11 13  8  1  8 17  6 12 69  5  6 67  8  5 64  2 14 27
14  3 13  7 14 76 11 10 75 15  2  9  1  7 93 12  1 86 13 11 53 10  6 38  8  8 49  4 12 61  2  4 63  6 15  5  3  9  1  5  5  2  9 13 29
12  6  6 11  2 54  1 13 74  9  7  4 10 15 30  8 12 60  6 11 64  5  5 63  4  8 82  3  9 87  7 10 36 15  1 25 14 14  7  2  3 72 13  4 49
 3  3 22  6  2  5 13 10 97  7 12 80  8 15 27  2  4 43  1  6 25  5  7 10 15 11 74 12 13 81  4  8  8 14 14 26 10  9 83 11  5 53  9  1 83
13  6 37  2  4 72  9  7 32 10  8 19  7 14 24 14 10 48 12  1 42 11 12 81  6 11 91  4  2 95  1 15 98 15  9 22  8  3 79  3 13 91  5  5 71
15  2 78 13  3 71  9  6 48  6 12 59  2 13 84  7  8 37  4 14 63  5 10 60 10  1 62 12  5 91  1 11 13 14  7 16 11  9  5  8  4 99  3 15  6
 1 12 81 13 13 80  6 14 66  9  3 92  3  8 23 14  5 67  5 10 36  8  2 27 10 11 81 12  6 57 11 15 52  2  4 53  7  7 26  4  9 51 15  1 12
 8  5 25  2  7 25  9  4 46 15 15 96  4 11 72  7 10 52  3  8 71 13 13 16  6  3 30 10  1 89  1  2 94  5 14 14 11 12 57 12  6 13 14  9  8