30 20 20
11 19 25  7 14 16  4 10 70 10 18 55  5  6 45 15  5 92 17  1 55  8  4 66 14 15 18 20 16 23  3  2 21 13 17 18  6 20 47 12 12 85  9 11 62  2  7 75 16  3 39 18 13 78 19  9 24  1  8 38
20  4 77 18  7 15  3  2  5  4 17 56 10 19 38 19 12 75 14 14 59 15  8 45 16  3 13 11 11 50  2  6 19  6 16  5  8 13 98  5 15 52  1 10 67  9  5 98  7 20 13 12  1 81 17 18 39 13  9 44
13  6 81 15  1  1 20 17 21  8 15 86  1 13 39  9 16  8  6  8  6 16 20 85  4 11 45 18  4 63  2 19 41 11 14 55 17  2 55 14  5 31  5  9 75 12 10 14 10 12 57 19  3  5  7 18  3  3  7 97
13  1 53 20  8 85 16 10 88  9 11 74  7 18 15  1 12 21  8 13 42 12  6 56  6 17 56 19  3 44  5 20 83  2  4 52 14 19 79 18  2 98 15  5 57  4  9 69 10  7 81 17 16 81  3 15 62 11 14 80
14  9  3 17 12 38  5 15 62 20  4 54 16 17 66 15  3 88 12 20 82  3 18  3  9 10 12  2  2 88 19 13 83  7  5 51 18  1 47 10 16 15  8 11 89 13 19 76 11  8 52  1 14 18  6  7 22  4  6 85
13 20 26 20 18 30 12 13  5  5  6 89  3  4 22  7 12 62  8 14 47 15  8 93  6  2 54  9 16 38 11 19 78 14 10 71 10 11 96  2  3 19 16  9 33 18  5 44 19 17 71  1 15 90  4  7  9 17  1 21
19  7 33 15  2 82  9 18 80  8 12 30  1 16 96 10  3 31  5 11 11  2  1 26 18 13 41  4  9 55 13  5 12  7  8 10  6 20 92 17 15  3 16  4 75 11 17 36 12  6 49  3 19 10 20 14 43 14 10 69
 1  7 72 20 19 19  2  1 65  7  9 37  8 16 57 16 13 32 18  3 11  4 12 73 10 15 89 15  4 12 14 18 83  3  2 32 13 11  6 19 14 13  5  6 87 12 17 94 11  5 36 17 10 76  9  8 46  6 20 30
20  2 56 15 13 62 11  5 32  6  6 52  1 14 72  3 19 29  8 16 78  4 17 21  7  7 27 14  4 17  5 11 43 17  9 14 16  3 15 13  1 16  2  8 49 12 20 72 18 15 19 10 10 99 19 12 38  9 18 64
 6  8 12 11 15 74 15  4  4  9  9  3 13 17 15 10 11 62 14  1 50 20 18 38  3  6 49  8 19 25  5  7 18  2  5 55 17 20  5  7 10 71 18  3 27  1 16 69 16 13 13 12 14 33  4 12 47 19  2 86
 1 17 31 10 10 97 15 16 48  4  3 25 16 15 40 17  4 94  8  1 22  9  2 61 19 19 59  3  6 16  6 18 27 11  8  4 13 13 35 18 12 80  7  5 49 20 11 46  5 14 84 14  7 46 12  9 96  2 20 72
15 18 18  3 15 23 11  7 96 13 13 74 16  8 23  4 19 36  8 16 17  7  4 81 18 11 67  9  9 47 20  5  5 10  3 51 12  6 23  2 10 82  1 14 35 14  1 96 19 12  7  5  2 54  6 20 92 17 17 38
 2 18 78 12  7 58 20  8 62 17 15 43 13  3  1  6  5 56  7 14 76  5 10 49  1 13 80  8 17 26 16  4 79 10  6  9  9 12 24 15 20 24 18 16 42 14 11 38  3 19 86 19  9 38  4  1 38 11  2 83
13 19 36  3 17 11 14 11 17 19 15 99 12  6 14 18  9 57  8 12 64 15 14 58 16  4 96  4 16 17 20  5 10  1 10 86  6  7 93 11  2 63  2  1 61  5 13 62  7 20 75 10 18 90 17  8 40  9  3 77
 2  7  8 15  1 27 13 16 96 16 20 69 10 11 64  7 10 73 19 14 12  6  3 14 17 12 71  8  5  3  4  2 47  5 13 84 14  8 84  9  6 53 11 18 58  3  4 95 12 19 87  1 15 90 18  9 68 20 17 75
 2  8 59  5 12 12  4 16 76  6  6 89  8  2 84 16 17 19 12 11 63 20  1  5  1 13 39 18 20 34  3 10 50 17  3 84 13  4 39 19 19 38  7  5 85 15 15 88 11 14 21  9  7 47 14 18 53 10  9 32
19  2 22 18 20 98 12 16 64 17 18 98 10 17 16 11 10 83  7  5 49  9  9 48  8  7 65 20 15 28  4 19 22 13 11 43  1 13 84  5  6 47  6  1 28 16  8 48 14  4 74  2 12 97  3  3 54 15 14 88
 4 13 20  2 17 72 16 16 47  6  9 24 19 12 56  3 20 59  8  3 97 15 19 35 17  7 86 18  5 51 11  6 20  1  2 69 12  1 35  7 15 36  5  4 42 20  8 69 14 11 12 10 10 55  9 18 21 13 14 99
 9 10 39 10  2 15  3 13 24  4 14 16  5 20 54 12  7 43 16  5 12 13 15 57 17  6 77 11  3 80  2 16  4 15 11 25  7 17 46 18  9 37 19 19 74 14  4 91  1 12 31  8 18 45 20  8 51  6  1 12
 7  8 50 11  7 41 16  6 31 12  2 81  5 14 10  4 18  6 10  3 36 15 20  3 18  5 42 20 17 86  2 15 37  9 11 16 19  1 36 14 19 66  3 12 58  6  4 22  8 16 18 13 13 40  1  9 81 17 10 24
 5  8 36  6 20 20 15 16 29  8  3 61 16 10 70  4 15 11  3 13 64 12 12 83  1 11 82 10  1 60 19 14 42 13  6 53 17  4  8  2 17 39 11  5 77 18  7 83 14 19 80 20  9  5  9 18 92  7  2 53
 4 15 99  8 11 86 11  4 57 17 14 55 16  6 89 15  3 48  2  1 82  6  7 14 20  8 37 13 17 87 18 18 77 19  5  5 12 13 28  1 12 18 14 19 28  7  9 79  9 10 21  5  2 18  3 16 82 10 20 83
11  3 89 17  7 50 15  4 94 16 10 59  3 18 64 18 20 42 20 14 45  2  6 69  5 13 33  1  2 61 10 12 53 13 19 79 19 16  5 14  8 65  9 11 39  7 17 86 12  5 68  6  9 17  8 15 61  4  1 74
 3  5 65  2  4 17 19  7  5  5 13  3 12  6  4 20  2 37 17 10 20  6 18 22  7 14 60 18  3  5  8 17 30  9 19 42 15  8 30  1  9  5 13  1 52 11 20  4 16 12 69 14 16 89 10 11 97  4 15  9
 7  8 44  2  2 14  9 16 22 13 20 29 14 14 98 15  9 20  4 12 47 19 11 70  8 19 70 20  5 76  5 15  7 11 17 46 10  6 60 12 10 96  1 18 50 18  3 18 17  1 91 16 13 89  3  4 64  6  7 34
15 17 82 17  2 73  4 18 94 10  4  2 12 19 21 11  1 48  9  5 51 16  8 85 18 14 85  7 13 17 19  7 44  6  6 47  2  9 62  1  3 96 20 11 54  5 16 69  3 20 35 14 10 54  8 12 76 13 15 61
 1 18 85  4  6  9 10 19 47 11  2 58 15 10 87  7  4 70  2 15  6  6 17 30 18  7 31 12 11 73  3 12 43 17 14 28  9 16 31 16 13 85 14  1 72  8  3 38 13  8 58 20 20 16  5  5 34 19  9 14
16 16 85 15 20  4 14 13  2  6  1 75 20  8 77  3 17 30  9 11 88 11  6 84 13  4 66  2 19 86 18  2 28  8  7  8  7  9  4 12  3 18 17  5 40 10 18  1  5 14 40 19 12  6  4 15 36  1 10 26
 7  6 35  4  1 76  9 20 46 20  8 77 12 19 52 17  5  1 14  2 44  3 12 18  5  4 52 11 16 70 15 11 40 18 18 47  8  7 18  6 14 38  1 13 13  2 10 43 16 15 51 10  3 31 13 17 77 19  9 21
 3  8  6  1  2 32  4  9 26  8 11 12  9  4  1 11  3  1 15  1 15  2 12 26 13 18 71 17 19 69  7 15 89  5 10 93 16  6 63 10 17 42 18 20 18  6 13  1 12 14 32 19  7 11 20 16 94 14  5 69