50 15 15
 7 10 38  6  9 28 12  6  4  2 14 74 13 13 67  1 11  8 10 12 61 11  3 47  9  2 54  5  8 14 14  7 14 15 15 52  8  4 18  3  1 74  4  5 99
10  4 44 15  9 28 12 14  4  3  8 31  1  2 91 11  5 91  8  6 69  4 15 48 14 13  6 13  7 47  7 10 58  5 11 30  6  1 65  9  3 25  2 12 21
 8  7 82  3  1 96 12 10 67  7  5 87 15  2 92  2 15 47  9  9 11  6 12 26  1  4 55 13 13  6  4  6 39 14 14 62 10  8  4  5  3 51 11 11 44
 7  1 10  6 12 50 12  4 88  1 14 55  4 13 35  3  5 34  2  7 30 10  9 18  5  2 40 15  6 55 13 15 35  8 10 64 14  3  9  9 11 92 11  8 41
 4  7 66  9 15  1 14  4 53  7  8  4 10  1 94  1 11 80  5  6 39  8 13 40 13  2 83  2 14 90 15 10 11 12 12 52  3  3 26 11  5 22  6  9 21
 9  6 54 10 14 56  4 12 82  6 15 82  8 10 41 15  1 15  2  3 52 11  7  5  1  4 90  7  5 56 14  2  2 12 13 93  5 11  1 13  8 15  3  9  6
13 14 41  1  6 72  2  9 40  4  3 72 11  8 25 15 15 72  3  7 31  5 11 90 10 12 32 14  5 11 12 10 59  7  4 45  8  2 99  9  1 92  6 13 60
 6  6 71  9 10 28 14  5 62  3 14 35  7  1 14 13  7 32  5  9 18  8  8 65 10 15 33  4  2 12 15  3  8  2 11 88 11  4 52  1 13  1 12 12 30
15  4 76  9 12  5  3  6 38 10  8 86 12  2 71  1  9 70 11  3 15  5 15 53  2  5  9  8  7 28 13 10 55  4 14 86  6  1 70  7 13  8 14 11 56
 5  8 42 10  9 36  3  7  1  9 13 45  1  2 77 15  1 52  8 12 99 11 10 57 12 11 14 14 14 63  7  4 81  4  6 84 13 15 91  6  3 99  2  5 63
 8  9 96 13  8 23  6 10 71  9 11 26  4  7 28 15  6 16 14  5 27 10  3 71  1 14 18  2 13 57  5 12 43  3  2  5  7  4 12 12  1 91 11 15 63
 9  3 32  1 12 81  6 11 95 14  5 79  7  4 55  2  9 45  5 10 60  3  6 73  4 15 23 12 13 44 11 14 92 13  8 20 10  1  5 15  7 72  8  2 73
 7  9 63  9  4 93  8  2 63  2  5 79 10 13 10  6 15 66 13  1 27  5 14 93  1  3 24  3 11 26 15  6  8 12 12 69  4  7 29 14 10 66 11  8 97
13  1 80  1 15 87 15  3 68  8  5 23 14 11 54  2  9 16  7  2 68  9  7 32 12  6 74  3 10  3  4 12  2 10  4 71  6  8  4 11 14 67  5 13 28
 9 11 46  3 10 96 13 15 11 12  7 41 11  6 93 10 13  2  5  2 98  4 12 10 15  3 43  6  5 65  1  9 27  8 14 57  7  4 75 14  1 87  2  8 81
14  6  5  9  5 91  7 14 92 12 12 87 15  7 66 10 13 36 13  4 67  8  9 88  1 10 92  2 11 27 11  8 13  3  2  7  6  1 95  4  3 66  5 15 13
 5  6 90  2  7 33  3  4 78 14 15 76  8  2 93  7 11 67  1  8 82  9  3 94 13  1 12 15 14  5 11  9 85 10  5 42  6 10  4  4 12  2 12 13 70
 5  2 79 11 10 24 15  9 41  4  3 83  7  8 45 14 15 29 12  7  3 10  1 42  1 12  5  6 11 44  2  5 83 13  4 59  9 13 60  8 14 78  3  6 44
 8 10 19  2  1 55  6  8 20  5 14 74 15  4 66  9  7 37  1 11 55 10  2 63 13  6 40  4 15 73 11  5 55  3  9 84 14 13 54 12 12 62  7  3  6
 4 12 27  7  8 59 14 10  6  5  6 90  6 15  6 11  3 37  3  1 64  9  7 35 13 13 25 12  4 59 10 11 77  8  5 30 15  9  1  2 14  7  1  2 70
 2 14  4  5  7 53  8 10  6  3  3 10 15  1 51 11 13 89 13  4 38 14  9 38  7 15 35  6 11 44 10 12 99  1  2 88  4  8 52  9  6 16 12  5 99
 1  8 28  8 11 11 15  3 76 14  1 51  9  9 35  4 14 60  7 13 44 10  2 39  6 15 66 13  6 49 11  7 40  5  5 34  2  4 80  3 10 38 12 12 29
15  9 31 11  5 32  1 13 40  9 11 25 13 10 40 14 15 85  5 12 39 12  7 61  2  4 15  4  8 41  7  6 93  6  1 64  3  2 16 10 14 81  8  3 97
14  9  9  5 15 21  9  4  8  7 11 55  6  2 79  3 13 76 10  8 79  1 12 61 12 10 68 13  6 99  2 14 24  4  5 23 15  3 92  8  7 91 11  1 22
15 11 80  3  6 30  7 14 67  5  4 58  4 12 45 12  8 29  2  7 48  6  5 28  8  1 64  1  9 63  9  3 80 11  2 23 10 10 93 13 15 55 14 13 48
 1 11 22  3 12  7  6 13 16  9 14 90 14 10 93  2  6 21  5  5 59 15  1 33 13  7 59 11 15 45  4  3 35  7  9 20 10  4 91  8  2 49 12  8 44
 3  4 80 10  7 32  5  8 16  2 13  7 11 10 22  9  2 10  7  3 79 13 14  3  6  9 87  8 15 56  4  1 73 14  5 12 12 11 79  1  6 45 15 12 96
 7  1 75 13 13 32  3 12 81  6 10  7 11  7 19  9 15 99  8  2 74 15 14 10  2  8 95  1  5 16 14  9 49 10  3 65  4  4 23  5  6 96 12 11 89
 3  4 34 13  5 87  6  9 56  7  8 61 14  6 53  1 13 37  8  1 45  9 10 80 15  2 30  2 14 60 12  7 37  5 12 51 10  3 13 11 11 97  4 15 29
 7 10 73 13  7  7  8  9 62 14 15 86  9 12 29  2  6 46  4  8 11  5 13 19 11  5  3 10  1 34  1 11 46 15 14 23  3  2 27 12  4 42  6  3 75
11  3 54  5 15 96  2 14  3  3 11 85 10  6 72  8  1 15 12 13 81  7 12 63 15  8 15  9  5 16  6  4 74 13  2  2  1  9 21 14 10 97  4  7 61
 1  7 25  6 11 38 11  1 86  7 12 79  5 14  2  8  5 88 14 10 55 10 15 16  4  3 21 13  8 99  3  9 67 15  2 42 12  4 31  2  6 15  9 13 44
11 13 33  2  9 51  8  5 91 12 11 77 14  1 34  6  4 54  9 12 86 15  2 92 13 10 30  3 14 86  7 15 75  4  8 93 10  7 61  5  3 33  1  6 23
10  1 52 14 15 74 15  5 76 12  4 83  6  6 60 11  3 82  2  2 43  3 12 92  5  8  4  4  9 10  8 14 97  1  7 33 13 10 95  9 11 65  7 13  7
 8  3 96 11  6 61  6  7  5  1  9 77 14 10  3  4 13 41 13 12 57 10 14 24 15  8 82  9  4 50 12  1 11  5  5 64  7 11 57  2  2 62  3 15  3
 3 10 66  6 13  8  8  5 88 12 11  5 11  8  7 15  7 27  9  4 59  5  2 32  4 15  1 10 14 10  1  9 54  2  1 71 13 12 15  7  3 26 14  6 40
 8  5  2 10 13 52  6 11 17 11  8 35  7  6 69  1  1  3 13  3 55  3  7 38  9 15 13  4  2  6 14 12 29 12 10 82  2  9 71 15 14 30  5  4 56
 1  1 63  3  2 29 15  8 61  5  9 21 11 10 40  7 11  5  8  4 16 10 14 86 12  7  3  6  6 50  4  3 82 14  5 55  9 15 37 13 13 44  2 12 65
 4  4  3  7 15 67 14  3 72  1 14 76  3 10 83  8  1 80 10 12 85 11  9 46  9 13 90  2 11 79  6  8 18 13  2 53  5  5 78 15  6 67 12  7 43
 5  6 22  4  7 47 14  1 51  2  4 85  9 11 50  8 14 84  3 12 74  1  2 29  6  3 88 12 13 59 11  9  5  7  5 88 10 10 61 15 15 94 13  8 30
 7 15 62  9 12 15 12  6 52  3  4 17 15  1 12  1 14 60  2 11 38  4 13 36 14 10 30 13  3 28  6  8 59 10  2  9 11  5 53  8  9  4  5  7 68
 3  8 94 14 12 21 10  4 55  9  1 29 15  9 48  6 10  8 12 11 56 11 14 60  8  3 59  2  5 48 13 13 40  5  6  3  1 15 40  7  2 82  4  7  3
14  6 77 10 11 70 12  5 28  9 15 69  3  1 38  7  7 37  5 14 78  2 13 54  1  3 42 13  2 10 15  4 32  8 12  9  4  8 22  6 10 41 11  9 32
 9 12 19  3 15 12 13  4 10 14  5  6  2  3 98 15  6 52  5 11 27  6  8 94 11  2 55 12  9 90  1 10 85 10 14 81  4 13 60  8  1 23  7  7 51
 9  5 32 15  9 40 14  4 53  8 12 76  6 10 90 12  7 63 10  8 86 13  2 73  4 14 20 11  3 87  5 11 94  3 13 72  2 15 10  1  1 18  7  6 80
 3  5  1 10  3 43  2 10 89  9  9 62 15  4 20 14 14 38  5  6 68 13  1 80  4  7 80  1 12 90  6 11 36 12  2 45  7 15 58 11 13 44  8  8 25
 1 13 89  6  6 29 12  7 42 11  4  1  9  9 33 13  2 45  7  8 12 14  3 63  2 12 57  4  1 26  3 15 67 10 10 53 15 14 23  5 11 49  8  5 60
14  9 64  9  3 32 10  7 27  8 12  3 11 10 77 13  5 87  4  6  5  1 14 73  3 13 36  5 15 67  2  4 33 12  8 39 15 11 20  7  1 78  6  2 88
 1  5 66  3 12 31 14 15 55  7  9 10 10  7 13 13 11 32  8 14 52 15 13 71  9  1 18  2  4 33 11  6 29  6  8 69  4 10 71  5  3 23 12  2 34
13  7 33  4  8  1  7 11 19  2  2 25  8  6 85  9  9 12  3 15 77  6  5 91  1 13 13 11  1 54  5 12 49 12 14 34 14 10 11 15  3 15 10  4 99