50 15 15
 3 12 47 11  9 51 12 15 15  9  5 47  7  7 13  4  8 94  5  1 81 15  2 99  6  6 94 14 13 76 13 14 65  2 11  3  8 10  6  1  3 16 10  4 46
14  2 93  5  9 19  4 11 70 11  3 80  8  6 55  2  7 48  7 14 22 10 12 29 15 13 36  6 15 50  1  5 47 12  1 86 13 10 58  9  4 90  3  8 78
 5  1 33  1  9 38  2 14 77  6  4 75 11 12 79 14 15 40  8 10 28 12  5 13 13  2 94 15  8 69  3 13 57  7  7 87  4 11 19 10  6 59  9  3 70
 6 15 97 14  5 38  7  2 64 12 13 42  4  7 70  9 12 42  2 11 35  5 10  1 11  1 23 15  9 70  3  4 76  8  3 87 10 14 83  1  6 19 13  8 23
12  9 68  8  1 79 14  6 61  2  5 42  1 10 30 13  2 48  9  3 85  4  7 99  6 13 26  3 11 37  7 14 56 11  4 67 10  8 51 15 12 74  5 15 80
 5 12 96 14  2 39 11  9 97  7  3 85  9  1 29  3 14 86 13 11 64  2 13 70 12  8 29 10  6 53  6  4 72  1  7 38  8 15 95 15  5 86  4 10 60
 8  4 26 15 15 58 13  2 63  2  9 12 12  5 89  7 11 49  9  6 65  4  8 94 11 12 62  5  7  5  6 10 90 14 13 17  3 14 27  1  1 93 10  3 84
 6  4 28 13  7 65 12  8 40  4  6 14 14  9 19  2 14 60  3 12 52  8 10 60  7 11 70  9  2 92 11  1 37 15  5 83  5  3 62  1 13 52 10 15 77
 4  3 69  1  1 47  5 10 29 10 11 52  2  6 23 15  9 31 11 13 10 13 12 84 14 14 14  3  5 33  9  7 37  7  2 68  8  4 70  6 15 46 12  8 89
13 14 34  6  3 26 11 13 77 14  2 31 15  6 94  7  4 38  2  8 10  5  5 97  9  9 72  8 11 29  4 12 16 10  1 59  3  7 54  1 10 70 12 15 75
12  5  8  1  1 28  4  4 73  5 10 59  6  6 92 10  2 64  8  7 72  2 12 84  9 15 96 13 11 57 15  3 49 11  9 61  7 13 17 14  8 56  3 14 92
15 11 33  2 15  6 12  8 46  6  5 69  7 14 74  8  9 99  4 10 76  1  4 56 10  3 18  9 13 78  5  2 30  3  7 95 13 12 46 14  6 57 11  1 22
 8 13 55  1  2 24 10  7 97 13 15 18 14  9 40 15 10 12  2 11 37  7  6 74  9  5  5  6  8  3 11  1 19  3  3 61  5  4 19  4 12 71 12 14 86
15 10 66  8 12 85  5  6 65 14 11 76 12  9 92  3 14 82 10  5  7  2  1 54 11  7 48 13  4 12  1 13  4  6  3 89  4  8 10  7  2 15  9 15 45
13  1 64  2  3 99 15  8 47 12  7  9 11 10 66  7 15 28  8  2 54  4 13 94  3 14  2  1  9 85  5  4 64  6  6 93  9 12 24 14 11 96 10  5 74
 6  6 71  3  5 21  7 12 37 13 15 37 14 13 51  1  2 51  4  9 81  8 10 78 15  3  6 11  4  3  2 11 82  9  7 77 10  1 36  5 14  8 12  8 17
12 13 86  9  4 88 11  9 38 14 14 69  6 15 28  8  3 93  7 10  2 13  7 41 10 12 77  4  5 98  3  1 69  5  6 94 15  8 73  1 11 20  2  2 14
 6 12  3 12 11 94  8 13 81  2  1 34  7  5 44 11  6 31  9 14 35 13  2 79 10 10 39 14  8 83  3  4 86 15  3 83  1  9 15  5 15 69  4  7 33
13 10 35  3  7 33 12  6 85  5 14 60 15  1 90 11  3 33  7  2  7  6  9 86  2 15  8  4  5  7 14  4 82  9 11 40 10  8 33  8 13 63  1 12 90
11  1 37 14  9 28 13 15 43  9 10 68 15  3 12 10  7 35  1 11 78  5  6 82  8  2 44  3 13 99 12 12 64  2  5 76  4 14 41  7  8 26  6  4  3
14 14 52 13  4 19  8  3  6  1  9 20  6 15  1 12  6 26 10  7 90 11 10 44  2  2 27  3 13 18  4  8 51 15 11 80  5 12 10  7  5 51  9  1 41
 3 15 44  2 10 85  9  9  2 15  4 78 14  7 86  1  6 88  6  1 61 12  2 20 10  3 56 13 13 12 11 14 69  8  5 34  4  8 55  5 12 34  7 11 84
 1  4 62  4  8 72  2  9 74  8  2 63  5  6 95  9 10 29 15 15 24  6  7 34  7 14 89  3  1 83 14  3 90 13 12 26 10  5 98 11 13 65 12 11 31
10  5 10 12  7 15  1  6 93  8  8 79 13  1 77 15 14 61  7 11  1  2  2 48 14 15 22 11 13 27  5  4 21  6 10 17  4  9 45  3  3 96  9 12 11
 9  1 83 14  4 52  6  6 70 11  8 78 10  3  7 15  2 28 13  9 97  3 11 52  4 14 29  1 15 81  7 13 60 12 12 91  8  5 80  5 10 54  2  7 35
13  6  3 14  1 31 15 14 98 10  2 97  6  9 77  2 10 39  7 15 41  8  8 10  1  7  9  4  4 93  9 12  7 11  3 49  5  5 20 12 11 45  3 13 59
10 11 28  1  6 93  6  4  4  5  5 51 13 10 67 15 15  5  7  7 18  2  2 52  4  9 47  9  3 21 14 12 49 12 14 63  3 13 96 11  1 85  8  8 90
13 14 25  2 11 82 10  9 58 15 12 15  7  8 67 11  1 50  3  4 66  8 13 92  5 15 56 12  3 82 14  6 57  6  2 16  4 10 34  9  5 99  1  7 61
 7  7 82  6  9 31 13  5 22  5 10 16  2 11 87 15 15 48 10 13 59  1 14 63  8  1 29  9  6 99 11  8 48 14  2 36  3 12 91 12  4 61  4  3 59
 9 10 28  4 14 25  6  3 69  5 13 65  2  9 62 11  1 57  8 11 97 10  2 31 14  7 15  3  5 25  1  8 83 12 15 98  7 12 55 13  6 66 15  4 31
 5 10 20  3  8 99  2  3 13  1  2 88 15 13 25 11  1 75 10  6 90  7  4 84 12 14 70 13  7 41  4 11 17  9 15 54  8  5 63 14  9  1  6 12 95
 9  7 59  4 11 22 14  1 46 15  2 10  3 12  1 12  9 21  6  8  3  5  6 84 10  4 93 13  3 59 11 13 78  8 14 73  2  5 59  1 10 42  7 15 63
 8  8 72  2 10 80 11  9 12  5  7 56  1  3 22  9 15  8 13 14 93  7 11 27 14  1 17  3  5 38  4 12 26 10  2 51 12 13 43 15  6 80  6  4 94
 9  5 72 12  8 78  4  3 29  8 14 90  2  7 46 13 10 46  7  9 43  5 13 75 11  4 90 14  6 29  3 15  8  6 11 92 15 12 16 10  2 62  1  1  6
 6 12 89 14  2 44 15  8 41  7 10 32 10 14 10 12  5 85  8  6 16  3 11 23 13  3 91  9 15 46  4  7 35  5  4 17 11  9 93  2 13 45  1  1 93
 2 15  2 14  8 79  8 13 19 11  4 35  1  9 89  3 12 48  9  5 13 10 14 61  6  7 51  4  1 37 15  3 44  5  2 17  7  6  4 12 10 76 13 11 50
12  1 59  3 12 69  7  4 79  6  7 66 15  2 95  5 10 50  8  8 14 13  3 61  9 13 89  2 14 54 14 11 23  1  9 33  4  6 81 11  5 21 10 15 16
 7 12 91 14  4 78  5  9 55  6  1 46 15  2 54  9  7 32  1  5 58 12  6 26  3 15 52  4 13 14 13  3 59  2  8 67 10 14 69 11 11 95  8 10 62
12 13 57  7  8 47  9 11 72  1 15 63  8  6 34  6  2 97 11  7 41  2 12 47 13  5 39  4  3 24  5 14 74 10  4 38 15  9 10 14 10 24  3  1 98
13 15 51  9 11  5 12  7 86 11  2 38 10 12 61  3  1 45  2 10 42  8  9 60  7 14 40 15  3  8  5  8 26  6  6 48 14  5 85  4 13 35  1  4 87
 6  9 87 15  6 23  3  8 26 13 12 87  2  2 45  7 13 46 12  3 90 10  7 50  5 11  5  1  5 79  4 14 87  9  4 40  8 10 28 11  1 96 14 15 85
 4  4 18  5  3  4  7 13 25 12  1 20 14 15  6  1  8  3  9 14 30  6 11 47  2  6 65  3  5 35 11 12 29 15  2 83 10 10 37  8  9 67 13  7 82
 7  5 93 11 10  1  1  7 69  6  2 66 10  1 31  9  6 36  4  3 35  5 12 66  3 14 74 12  8 95 13  9 11 15 13 34 14 15 31  8  4 65  2 11 23
15  9 45  2 12 69  1 13 35 13  2 92  4  5 50  5  8 97  7  1 78 14 15 72 12  4 98  6 10 53  3  3 70  9  7 81 11 14 97  8 11 60 10  6 86
 9  9 99 13  6 66  8 14 86 11  8 78  7 11 96  1 10 47  6 15  4 15 13 91  3  4 79 12  1  2  2  2 61 14  3 64  5  7 51 10  5 85  4 12  2
 2  2 56  3 13 87 14  6 41 11  7 73  6  3  4 15 12 87 12 10 18  1  8 18  5 14 27 10 11  3  8  9 28  9  4 96  7  1 62  4 15 28 13  5  9
13  6 67 11  8 65  4  7 27  1  9 99  7 14 37  3  2 36 14 13 14  9 15  2 15 10  8 10  5 46  6 11 62  8  3  5 12  4 48  5  1 94  2 12 92
 8 11 31 10 14 60 11  8  9 13  7 39  7 15  2  9 10 67 14  4 48  1  6 19  3  2 77  5  3 19 12  1 37  6 12 13  4  9 84  2 13 10 15  5 91
 2  7 58 15 11 88  3 15 58  1 13 99  6  9 46 13  3 25  8  5 40  4  2 21 11  6 86  7 10 78 10  8  8  9 14 84 14  4 29  5 12 70 12  1 84
 3  5 49  5 14 48  6  7 28  2  6 63  8  2 65 15  8 98 10 10 54 12  9 19 14  1 96 11  3 48  1 13 44  4  4 48  9 12 96 13 11 20  7 15 46