50 20 20
 9  3 94 17  7 66  6  2 10 10  4 53  4 17 26  1  8 15 14  1 65  7  5 82  5 16 10 19 11 27 20  6 93 18 19 92 16 13 96  3 18 70 11 15 83  2 10 74 12 12 31  8 20 88 15 14 51 13  9 57
 8 11 78 12  6  8  9  5  7 11 13 91  3 17 79 17 10 18 20 15 51  5  8 18 15  1 99 19 12 33  2 16  4 16  3 82  6  7 40 10 20 86  4  9 50 14  2 54  7 18 21  1 14  6 18  4 54 13 19 68
 8 15 82  5 19 20 11  7 39  3 20 35  7  4 68  4 14 73  1  9 23 15  2 30 12 10 30 16  5 53  6  1 94 19  6 58 10 13 93 13 11 32 20  8 91 17 17 30 14 18 56 18 12 27  2  3 92  9 16  9
11 13 78 12  8 23  8  3 21 14  1 60  5  7 36 13  6 29  7 11 95 20 12 99 16 19 79  1 17 76  9  2 93 17 16 42  2 15 52  3 20 42  6  5 96 15 10 29 10 18 61  4 14 88 18  9 70 19  4 16
14 17 31 20  9 65  3  3 83 15 16 78 17  8 26  6 13 50  7 19 87  1  7 62 16 10 14 18  2 30 19  1 18 13 11 75  9  6 20 12 18  4  2 12 91  8  4 68 10 14 19 11 20 54  4 15 85  5  5 73
 6 10 43  5  3 24  7 17 37  3 19 87 14  9 66 17  6 32 11 14 52  1 20  9 13 18 49 18  1 61 19  2 35 20 16 99  4 15 62  8 12  6  2  5 62 10  7  7  9  8 80 15 11  3 12 13 57 16  4  7
14 17 85 15  4 30  9 15 96 20  2 91  2  1 13  5 10 87  8 16 82 16  6 83  7  5 78 12  7 56  6  9 85  1 18  8 13  3 66 10 19 88 17 13 15 18 11  5 19  8 59 11 14 30  4 12 60  3 20 41
 3 10 17 18 12 66  8  1 89  9 17 78  7  7 88 10  2 69 13 19 45 19  5 82  2 20  6  5 16 13  6 11 90 15 18 27 20  6  1 14 14  8 12  3 91  1  8 80 17  4 89  4  9 49 11 13 32 16 15 28
11  3 90 19 17 93 20 15  6 17 20 35 12  9 73  8  1 47  3  2 43  6  5 75 18 11  8  5 18 51 16 13  3 13 19 84  1  7 34 14 14 28 15 10 60  2 16 69  7  4 45  9  6 67  4  8 58 10 12 87
 8  1 65 12 16 62 15  9 97  3  2 20 13 11 31  7  3 33  2 10 33 11 17 77 18 13 50  1 15 80  9  7 48  6  8 90 14 20 75  4  4 96 20 12 44 10 14 28  5  5 21 16  6 51 17 18 75 19 19 17
 3  3 89  9 19 59 18 11 56 14  2 63 20 16 18 10 18 17  8  1 30 16 12 16  1 20  7  6  6 35 17  8 57  7  9 16 19 17 42 12 15 34 15  5 37 11 10 26  5 13 68  4  7 73  2 14  5 13  4  8
18  4 12 15  8 87  5  9 83 17  5 20 16 17 97 19 18 20  9 20 85  2  6 61  7 14  9 14  1 36 11  3 63 10 10 11 13 15 45 20  7 10  6 16 33  4  2  5  3 12 41 12 19 47  1 11  9  8 13 74
 6  6 33 10 14 35  7 15 78  8 11 12 12  7 22 17 16 44 15 10  8 18  2 97 20  1 10  5  8 86 16 17 33 19 19 60  2 12 21  1 20 96 13 13 69  4  3 34 11 18 94  3  4 15  9  5 23 14  9 84
 1  4 16  5 17 55  2  3 50 13  2  5 15 16 59  8  7 35 17 19 12 20 18 57 14 14 11 10  6 51  9 15 72  3 12 42 11 10  4 18  8 62  6  9 15 19 11 27  4  5 16  7 13 34 12 20  8 16  1 50
 1  7 85  3 12 12  7  3 48  9 11  5 19 10 25 11 13 40 18 18 81 13 20 46  4 15 67 15  8 25  5 17 83 16 16 92  2  2 25 10  4 40 14  6 21  6  9  4 17 14 43 20  1 38 12 19 60  8  5 24
20  2  3  8  4 28 19 17 86  6 15 68  4 13 55  5 10 91  3  1 97  1  7 19 12 16 73  7  8 20 18 19 28  9 14 81 10 18 46 11 12 98 17  6 46  2  3 29 14  9 96 13 20 12 16  5 71 15 11 32
 6 15 64 19  9 39  2 16 16  9 17 97  4  3 99  8 14 49 13  6 75 14 10  7 18 19 79 11 12 80 17 11 71 16  4  9  7 18 11  5 20  8 10  2  4 15  8 47  3 13 93 20  5 82  1  1  6 12  7 49
 8  2  7  6 13 24  5 14 92 20  6 13  7  5 86  9 10 80 11 20 34 18  1 75 16 12 35  2  3 29  3 17 60 15 18 20 10 16 48 19  7 46  4 19 57 12 15 73 17  8  8 13  9 45  1  4 90 14 11 84
15  7 12 19  5 53  1  2 81  8 18 96 17 16 18  9 13 88  3  9 84  2  4 38 13  8 73  6  6 60 20  3 39  5 15 50 10 12  5  4 20  9 12 17 63 14 10 18  7 19  9 11 14 51 18 11 93 16  1 57
13 17 82 19  4 46  7 20 38 11 18 58  2 11 86 17 14 49  9  1 45 20  7 37  3  9  9 15 19 95  4  8 82 10 13  6  1 15 62  5  3 96 14 10 17 18  5 65  8 16 39 16  6 82  6 12 49 12  2 94
17 10  5 16 12  9  1 20 53  3 15 74 13  3 71  2  8 10 18  2  9 19  7 69  7 19 33  6 16 39 12 14 41 10 13 14 11 18 37 15  4 16  5  1 44  4  5 12 20 11 68 14 17 49  9  6 66  8  9 14
 9 18 68  2  9  3  7 11 49 10  7 49 13 16 93  6 20 29 19  6 34 15  8 21  4 10 70 20 14 91 14  1 14  8  5 21  1 19 76 18  3 48  3  4 87 17 15 21 16 13 90 11 12 20 12 17 59  5  2 10
 2  8 34 12 13 44 17  7 20 20 14 37  4 10 86  3  2 84 14 18 60  7 17 20  6 19 54  9  9 98 10  6 15  1 12 50 16  5 70 15  1 84 18 11 68  8  3 40 11 16 18 19 15 82  5  4 75 13 20 71
15 12 36 12 15 96 18 20 61  4 16 57 17 10 22 19 18 42 14 19 11  9  3 19  1  7 22  8 13 18 13  2 93 10 14  5  5  6 38 16  9 35  6  4 24  7 11 69 20  1 61  2  5 41 11 17 56  3  8 62
14  2 46 19  9 10 16  7 86 15  8 19  8 20 35  5  4 21 12 10 84  1  6 20  7 18 50 10 17 48 20 12 84  3 19 99 18  3 86 13 14 64 11 16 10  9 11  8  2  1 12  4 13 71  6  5  4 17 15 86
12  6 74 19 20  1  5 13 78 16  3 18 15 18 13 10  1 30  6  8 96 17 17 57  3  4 20 14 15 46  2 11 63  9 14 42 20  5 87 13  2 29 18 19 82  1  7 14  7 16 57  4 10 41  8  9 46 11 12 62
20 14 67 18  1 40  9  7 28  1  5 28 10 15 20 17 10 98 13  8 17 12  6 10 14  3 95  5 18 94 11 20  8  7 13 82  6  4 21  4 17 28  2  2 71 16 12 10  8 19 67 19  9 60  3 11 79 15 16 54
16 19 73  8  7 59  2 14 97 11 11 39  4  3 64  3 18 38 13  4 25  9  2  7 20 13 21 12  6 40 14 20 14  5 12 51 18 10 88  1 15 49  6 16 74 19  8 53 15  1 53 10 17 54  7  5 53 17  9 52
 7 19  3 16  1 71 18  6 72 10 11 66 20 17 41  3 13 64  6 16  6  1  9  7 17  4 46 15 20 56  4 14 30  8 18 70  9  8 22 19  3 53  5  5 55  2 12 92 11 15 54 14  7 41 13 10 39 12  2 49
 1 14  9 17 10 11  6  5 31 12  6 69  7 18 27  8  9 54 14  4 69 15 19 17 13  2  1  3 11 53  5 17 31 19  3 90 10  1  9 18 13  3 16 12 41 11  7 97 20 16 42  2 20 21  9  8 54  4 15 69
 9  8 65 15 17 13 16 11 77  3 13 79 18 12 29  1 18 41 12  3 20 20 15  7 11  4 18  4  7 99 10  6 26 17 14 98 14  9 92  6  5 48 13 20 66  2 16 62  7  2 17  8 10 56 19  1 88  5 19 51
17  9 69 19  4 15  6 14 69  8 18 74 14  6 20 18 15 43 13  1 98  2  7 12  3 16 35 10 10 89  4  3  1  9 20 62 11 19 43 16 12 16 15 17 40 20 11 32  5  5 85  7  8 73  1  2 98 12 13 23
 9 13  7  2  4 74 11  2 71  6 18 68  3  5 76  1 11 26  7 12 71 15  8 51  8 16 82 16 19 35 17  7 83 19  1 81 13 10 20 12 14 26  5  9 24 20 17 12 18 15 90  4 20 28 14  3 85 10  6 17
11 15 72  9 17 20  1 18  6  3 20 75 10  9 95 14 11 27  4  1 37 20  6 30  2 13 74  8  7 87 18  2 34  6 16 49 16  5 66 19 19 76 12 12 13 17  4 45  7  8 61 13 14 27 15  3 77  5 10 45
15  8 23  8 11 94 12 16 73 13 17 55 17 15 62  5 18 54  3 20 97 14  1 40  1  5 50  2  2 56  9 19 66 18  7 13  4  9 14 10 10 59 19  3 31  7 13  7 11 14 94  6 12 51 16  6 28 20  4 87
 4 17 35  9 13 92  6  7  6 14 12 46 12  6 61 10 16 84  8  2 83 18 14 99 19 18 70 17 11 24 15 19 15  2  8 44 20  5 41  1  4 82 16  3 92  7 10 68 11 20 36  3 15 30 13  1 61  5  9 65
 8 14 48  2 10 53 10 12 51 17  6 17 13  3 66 12  2 76  7  7 21  1 18 17  5  5 40 11  4 63  6 19 82  3  1 29 14 11 83 18 13 30  9  9 38 15 16 42 19 20 17 20  8  2 16 17 92  4 15  7
 8 15 20 14 10 72 12  9 10  5 17 69 13 12 68  1 18 56  6  1 54 16  2  6 10  4 96 11 16 11  7  7 35 15  3 49  3  6 63  4  5 83  2  8 53 18 11 75 20 20 78 17 13 21  9 14 15 19 19 44
17 19 70  2  4 71 13  1 55 14 12 15  6  7 21 10 15 60  7 13 12 15 16 83 12 17 91  8  3 27 18 10 56  3  5 91  5 18 24 19 11 40 11  8 54  9  2  5 16 14 15 20  9 47  4  6 71  1 20 77
 6  4 48 11  1  4  8 17 27  4  8 63  1  3 41  2  9 85 17 16  3  5 19 54 18 12 32 16  2 89 15 18 21  7  6 38  3 15 13 19 10 62  9 14 22 14 20 20 13  7 56 12 11 69 10  5  8 20 13 37
19 14 13 15 15 15  6 20 83  3 11 93 12 16 88 11 17 10  8  8 91  4  6 24 13 13 76  7  1  1 16 10 97 18  4 28  5  2  3  9 19  6  2 18 76 10 12  5 20  5 97  1  9 56 17  3 94 14  7 81
11 20 27  7 15 66  1 10 29  5 14  4 18 13 60 14  2 35  3 18 26 17 16 21  4  4 79  6 12 92  2  3 56 20  5 64  8  6 44 16  1 94 10  8 22  9  9  1 12 17 41 13 19 67 19 11  9 15  7 82
 5 16 49 18  3  2 12  7 11 17  8 35 10 17 30 16 15 29 14 19 85 15 11 76  7  2  8  1 20 94 19  6 70 13 18 14  2 10 81 11  5 49  9 12 31  3 13 36  6  1 75  4  4 49  8 14 87 20  9 88
 3 16  7 15 10 22 10 13 38  4 18 43  8  3 18 17 11 60 19  5 57  5 19 37  2  4 73 12 15 13  1 20 64  6  9 88 20  1 38 14 14 94 13  7 16 11  2  5  9  6  7  7 12 32 16 17 15 18  8 25
16  4 28 19  6 70  3 19 67  6 16 47 20 20  6 14 14 59  4 15 25 13 12 76 11 17 38 10  9 49  5 10 89  8  1 88 17 13 90  9  2 67  1  7 46 12 18 13 15 11 20  2  5 14 18  8 62  7  3 88
 3 19 84 20 15 91 11  9 37  6 17 61 15  3 27 13  1 43 19 11 81 18  2 62  9 13 40 16  4 75 10 10  7  8  7 59  7 20 10  5  5 28 17  6 28  1 14 79 14 18 73  4  8 93 12 12 10  2 16 13
 7 16  8 17  6 20 14 20 79  8 10 49 15 18  4 13  4 62  4  2 31 19 14 97 11  7 16  1  1 98 12  5 62 18 11 81  5  3 13  9 12 63  2 19 59  6 13 91 20  8 74 10 17 73  3  9 93 16 15 48
10 10 23  3  6 13  2  3 77 19  7  7  1 17 22 20 13 20 18  9 89  6  5 97  7  4 97 15  1 58  5  8 51 16  2 28 17 14 67 12 15 21  9 16 53  8 20 18  4 18 86 11 19 41 14 11 23 13 12 16
 9  1  9  1  4  7 11  9 20  3  5 62  2 13 56  6 17 33 17  3 88 19  8 81 18 16 86  7  7 16 20 11 21  8  6 28 10 20 81 14 12 43  4 18 78  5 15 36 15 14 97 13  2 19 16 19 58 12 10 16
17 16 74  2  7 89 11  1 68 14  4 16  8  3 85 18 13 17  9 20  3  1  2 45 10 14 55  6 12 70 15 15 35 20  6 91  3  5 65  4  8 31 13 18 42  7 17 76  5 10 74 12  9 63 19 19  4 16 11 39