50 20 20
15  8 44  4 19 26  9  4 66  6  5  3 18 16 99 11 14 81  1 15 54 14 13 16  8  2 28 17  3 38  5 10 33  2 12 14 20  9 26 12  1  6 13 17 27 19  7 56 10 18 53  7 20 83 16  6 69  3 11 68
19 17 17  6 14 82  2  2 28 14  4 22  5  9 27 12 18 15  4 10  9  8 19 89  7 16 93 15  6 66 20 12 18  3  8 27 13 11 54 18  5 16 11 20 58  9  1 58 16  7 41 10 15 67 17  3 42  1 13 93
16  3 96 18 15 78  2  6  2  4  8 73 15 16  1  6 20  3  5 18  5 19 17 25  9 13  7  1 10 12 20  5 46  8 12  4 14 11 75 13  7  2  3 14 38 11  9 31 12  1 24  7 19 59 17  2 67 10  4 42
17 19 97 13 15 56  7 10 20  3 11 98  6  5 56  8 18 25 14  2 57  1  3 95 20 16 42 12  4 33 15  8 48 11  9 45 19 20 10  2 13 18 18  6 48 10  7 96  4 14 46  9 12 45  5  1 64 16 17 73
 4 16 20 19 20 69 20 18 40 12 15 10  5  6  7  9  3 98 10  2 98 11  4 45  1 12 15 16 19 10  6 13 49 17  1 55 18 11 66 13 14 63  3  8 37  8  9  2  7 17 78 14  7 84 15 10 64  2  5 38
12  7 85 16 19 27  5 13 48 10 14 75  6 12 41 15  8 36  1  3 58 11  9 92 19  5 93 13 16 75  4 11 53  8 10 89  9 20 38  2  1 24  7 17 57  3  6 96 18  4  5 14 18 38 17  2 88 20 15  4
16  1 91  2 18 42 11  5 67 13 11 62 14  2 78 12  6 30 15 20 34  3 19 88 19 16  2 18 15  1  7 17 89 17 14 28 20  9 85  4 12  2  1 10 39  6  8 55  5 13  1  8  3 98  9  4 85 10  7 92
 7 12 79 19  6 69  4 15 62  9 18 16 14 13 88  6 14  1  3  5 66 16  9 98 17  4 14  1  7 51 11 17 30 15 11 35 10  1 30  2 16 74 18  8 31  8 10 90 20 19 59 12  3 57  5 20 68 13  2 16
18 12 65 14  7  8  9 20 15  2  2 79  1 19 30  5 15 26  4 13 90 10  5 88 16  3 35 20 14 90 13  9 35 17 18 74  6  4 97 12 11 28  8 16 33  3 17 79 11  1 93 19  6 47 15 10 19  7  8 95
19  8 11 17  9 79  1 16 86 11 20 85  6 12 34 10  5 29 12 14 37  4  4 76  5 19 17  9 13 21 16  3 73  2  6 70 20 11 87  3 15 92 14  1  2  7 10 58  8 17 15 15 18 74 13  2 82 18  7 74
18  5 94  1  9 45  8  1 42  9 18 30  4  6 84 13  8 61 14 10 18 16  7 17  7 20 97  6 17 42  5  3 84 15 14 71  3 12 62 12  2 74 20 11 32  2 19 11 17  4 65 11 16 22 19 15 21 10 13 14
13  5 37 14 17 34  1 19 63  8 20 16  7  1 45 17  4  3 10  8 29 20 18 52  3  3 49 11  7 63 12 13 27 19 16 67 15  2 19  9 11 38  6 14 81 18  6 66  2 12 26  5  9 73  4 10 99 16 15  8
20  5 19  9 14 70  6 11 67  8 13 90 12 20 98  7 19 66  3 18 25 14  6 40  1 15 47 17 17 56 10 12 20  4  8 89 13  9 55 18  1 25  5  2 31  2 10 58 19 16 63 15  3 81 16  7 28 11  4 41
 3  8 16 17  4 14  1 13 30  6  5 18 16 17 12 11 12 92  4  6  4 14  3 22 18  9 28  9 10 14 20 14 29 19  7 52  5  1 82  8 19 58 13 20 46  2 15 60 12 11  8 10 16 30 15 18 96  7  2 36
 9  6 20 20  8 39 10  4 17 19 17 74  1 20 17  3  7  5 11 14 30 16 15 27 13 18 60  4  5 23  5 12 33  8 10 57 18  9 93 15 16 24 14  1 95 17  2 77  2 13 22 12 11 15  7  3 47  6 19 71
 3  3 45 19  2 36 11 10 53  4  4 47 10 13 77  9  6  8 20 16 49  1 12 30 12 17 97 18 20 33 16 19 31 13  9 39  2  1 61 17  7 83 15 18 17  7 11 33  6 15 93  8  8 65 14  5 38  5 14 74
 8 17 82 17 20 63 15  3 45  6  2 47  3  4 90 16 16 66  7  6 94 12 12 25  5 10 65  4  7 85 18 13 40 11  5 16  1 14 10  2 11 72 10  9 99  9  1 76 13 19 67 19 18 40 14  8 97 20 15 94
17 12 68 18 20 24  1  5  4  2  7 98  6 17 29 15  9 34 13  1 31  4 19  3  9 18 75  5 11 14 16  2 26 20  8 70  7 16 66 10 10 78 12 14 89 14  6 82 19 13 28 11 15 20  3  4 48  8  3  5
 3 17 28 19 16 59  2  9 99  1 15 22 20  3 32 13  6  7 12  4  7  7 11 92  5  8 66 11  7 89  9 13 86  8 14 79  6  1 79 18 20 30 16 10 70 10 19 45 17 18 24  4  2 83 14  5  7 15 12 78
 1 19 16  2 18  8  3  6 88 12 13 29 15 10 37  9 11 59 10 14 69  5  3 10 16  7 65 18  4 19 19  9 27 14 16 98  6 15  7 13  2 83 20 17 35 17  8  3 11  5 83  4  1 93  7 20 21  8 12 52
11 19 25  7 14 16  4 10 70 10 18 55  5  6 45 15  5 92 17  1 55  8  4 66 14 15 18 20 16 23  3  2 21 13 17 18  6 20 47 12 12 85  9 11 62  2  7 75 16  3 39 18 13 78 19  9 24  1  8 38
20  4 77 18  7 15  3  2  5  4 17 56 10 19 38 19 12 75 14 14 59 15  8 45 16  3 13 11 11 50  2  6 19  6 16  5  8 13 98  5 15 52  1 10 67  9  5 98  7 20 13 12  1 81 17 18 39 13  9 44
13  6 81 15  1  1 20 17 21  8 15 86  1 13 39  9 16  8  6  8  6 16 20 85  4 11 45 18  4 63  2 19 41 11 14 55 17  2 55 14  5 31  5  9 75 12 10 14 10 12 57 19  3  5  7 18  3  3  7 97
13  1 53 20  8 85 16 10 88  9 11 74  7 18 15  1 12 21  8 13 42 12  6 56  6 17 56 19  3 44  5 20 83  2  4 52 14 19 79 18  2 98 15  5 57  4  9 69 10  7 81 17 16 81  3 15 62 11 14 80
14  9  3 17 12 38  5 15 62 20  4 54 16 17 66 15  3 88 12 20 82  3 18  3  9 10 12  2  2 88 19 13 83  7  5 51 18  1 47 10 16 15  8 11 89 13 19 76 11  8 52  1 14 18  6  7 22  4  6 85
13 20 26 20 18 30 12 13  5  5  6 89  3  4 22  7 12 62  8 14 47 15  8 93  6  2 54  9 16 38 11 19 78 14 10 71 10 11 96  2  3 19 16  9 33 18  5 44 19 17 71  1 15 90  4  7  9 17  1 21
19  7 33 15  2 82  9 18 80  8 12 30  1 16 96 10  3 31  5 11 11  2  1 26 18 13 41  4  9 55 13  5 12  7  8 10  6 20 92 17 15  3 16  4 75 11 17 36 12  6 49  3 19 10 20 14 43 14 10 69
 1  7 72 20 19 19  2  1 65  7  9 37  8 16 57 16 13 32 18  3 11  4 12 73 10 15 89 15  4 12 14 18 83  3  2 32 13 11  6 19 14 13  5  6 87 12 17 94 11  5 36 17 10 76  9  8 46  6 20 30
20  2 56 15 13 62 11  5 32  6  6 52  1 14 72  3 19 29  8 16 78  4 17 21  7  7 27 14  4 17  5 11 43 17  9 14 16  3 15 13  1 16  2  8 49 12 20 72 18 15 19 10 10 99 19 12 38  9 18 64
 6  8 12 11 15 74 15  4  4  9  9  3 13 17 15 10 11 62 14  1 50 20 18 38  3  6 49  8 19 25  5  7 18  2  5 55 17 20  5  7 10 71 18  3 27  1 16 69 16 13 13 12 14 33  4 12 47 19  2 86
 1 17 31 10 10 97 15 16 48  4  3 25 16 15 40 17  4 94  8  1 22  9  2 61 19 19 59  3  6 16  6 18 27 11  8  4 13 13 35 18 12 80  7  5 49 20 11 46  5 14 84 14  7 46 12  9 96  2 20 72
15 18 18  3 15 23 11  7 96 13 13 74 16  8 23  4 19 36  8 16 17  7  4 81 18 11 67  9  9 47 20  5  5 10  3 51 12  6 23  2 10 82  1 14 35 14  1 96 19 12  7  5  2 54  6 20 92 17 17 38
 2 18 78 12  7 58 20  8 62 17 15 43 13  3  1  6  5 56  7 14 76  5 10 49  1 13 80  8 17 26 16  4 79 10  6  9  9 12 24 15 20 24 18 16 42 14 11 38  3 19 86 19  9 38  4  1 38 11  2 83
13 19 36  3 17 11 14 11 17 19 15 99 12  6 14 18  9 57  8 12 64 15 14 58 16  4 96  4 16 17 20  5 10  1 10 86  6  7 93 11  2 63  2  1 61  5 13 62  7 20 75 10 18 90 17  8 40  9  3 77
 2  7  8 15  1 27 13 16 96 16 20 69 10 11 64  7 10 73 19 14 12  6  3 14 17 12 71  8  5  3  4  2 47  5 13 84 14  8 84  9  6 53 11 18 58  3  4 95 12 19 87  1 15 90 18  9 68 20 17 75
 2  8 59  5 12 12  4 16 76  6  6 89  8  2 84 16 17 19 12 11 63 20  1  5  1 13 39 18 20 34  3 10 50 17  3 84 13  4 39 19 19 38  7  5 85 15 15 88 11 14 21  9  7 47 14 18 53 10  9 32
19  2 22 18 20 98 12 16 64 17 18 98 10 17 16 11 10 83  7  5 49  9  9 48  8  7 65 20 15 28  4 19 22 13 11 43  1 13 84  5  6 47  6  1 28 16  8 48 14  4 74  2 12 97  3  3 54 15 14 88
 4 13 20  2 17 72 16 16 47  6  9 24 19 12 56  3 20 59  8  3 97 15 19 35 17  7 86 18  5 51 11  6 20  1  2 69 12  1 35  7 15 36  5  4 42 20  8 69 14 11 12 10 10 55  9 18 21 13 14 99
 9 10 39 10  2 15  3 13 24  4 14 16  5 20 54 12  7 43 16  5 12 13 15 57 17  6 77 11  3 80  2 16  4 15 11 25  7 17 46 18  9 37 19 19 74 14  4 91  1 12 31  8 18 45 20  8 51  6  1 12
 7  8 50 11  7 41 16  6 31 12  2 81  5 14 10  4 18  6 10  3 36 15 20  3 18  5 42 20 17 86  2 15 37  9 11 16 19  1 36 14 19 66  3 12 58  6  4 22  8 16 18 13 13 40  1  9 81 17 10 24
 5  8 36  6 20 20 15 16 29  8  3 61 16 10 70  4 15 11  3 13 64 12 12 83  1 11 82 10  1 60 19 14 42 13  6 53 17  4  8  2 17 39 11  5 77 18  7 83 14 19 80 20  9  5  9 18 92  7  2 53
 4 15 99  8 11 86 11  4 57 17 14 55 16  6 89 15  3 48  2  1 82  6  7 14 20  8 37 13 17 87 18 18 77 19  5  5 12 13 28  1 12 18 14 19 28  7  9 79  9 10 21  5  2 18  3 16 82 10 20 83
11  3 89 17  7 50 15  4 94 16 10 59  3 18 64 18 20 42 20 14 45  2  6 69  5 13 33  1  2 61 10 12 53 13 19 79 19 16  5 14  8 65  9 11 39  7 17 86 12  5 68  6  9 17  8 15 61  4  1 74
 3  5 65  2  4 17 19  7  5  5 13  3 12  6  4 20  2 37 17 10 20  6 18 22  7 14 60 18  3  5  8 17 30  9 19 42 15  8 30  1  9  5 13  1 52 11 20  4 16 12 69 14 16 89 10 11 97  4 15  9
 7  8 44  2  2 14  9 16 22 13 20 29 14 14 98 15  9 20  4 12 47 19 11 70  8 19 70 20  5 76  5 15  7 11 17 46 10  6 60 12 10 96  1 18 50 18  3 18 17  1 91 16 13 89  3  4 64  6  7 34
15 17 82 17  2 73  4 18 94 10  4  2 12 19 21 11  1 48  9  5 51 16  8 85 18 14 85  7 13 17 19  7 44  6  6 47  2  9 62  1  3 96 20 11 54  5 16 69  3 20 35 14 10 54  8 12 76 13 15 61
 1 18 85  4  6  9 10 19 47 11  2 58 15 10 87  7  4 70  2 15  6  6 17 30 18  7 31 12 11 73  3 12 43 17 14 28  9 16 31 16 13 85 14  1 72  8  3 38 13  8 58 20 20 16  5  5 34 19  9 14
16 16 85 15 20  4 14 13  2  6  1 75 20  8 77  3 17 30  9 11 88 11  6 84 13  4 66  2 19 86 18  2 28  8  7  8  7  9  4 12  3 18 17  5 40 10 18  1  5 14 40 19 12  6  4 15 36  1 10 26
 7  6 35  4  1 76  9 20 46 20  8 77 12 19 52 17  5  1 14  2 44  3 12 18  5  4 52 11 16 70 15 11 40 18 18 47  8  7 18  6 14 38  1 13 13  2 10 43 16 15 51 10  3 31 13 17 77 19  9 21
 3  8  6  1  2 32  4  9 26  8 11 12  9  4  1 11  3  1 15  1 15  2 12 26 13 18 71 17 19 69  7 15 89  5 10 93 16  6 63 10 17 42 18 20 18  6 13  1 12 14 32 19  7 11 20 16 94 14  5 69