50 20 20
 9 15 42 10 10 85  1 14 29 12 12 74 13  8 22  5  1 72 17 17 59 18 13 40 16 20 60  3 19 81 15 16 49 14  4 29  8  7 55 20  6 98  7  3 69  4  9 67 11  2 65  2 11 50  6  5 43 19 18 58
 4  4 67  2 15 34 19 12 94  8  7 69 10 10  5 12  9 55 13  2  1 15  8 79 16 11  9 14  6 11 18  3 56  5 20 33 17  1 15  6 16 72  1  5 24 20 13 70  3 18 81  9 14 70  7 19 42 11 17 51
 6  9 91  7  5 88 11  6 43  9  2 59 18  8 43 12 14 76  3  3 95 13 13 37  2 11 24 20 17 39  5 10 19 15  1 94 16 12 80  1  7  3 10  4 87  4 16 18  8 15 51 14 19 99 17 18 79 19 20  8
18 14  5 17  6 42  6  9 88 19 10 58  3 16  6 14 19 99  8 15 29 20 13 11  4 17 28  7 20  3 12  8 43  5  5 47  2  3 41 16  4 84 10  7 27  9  1 38 11 11 63 13 12 67  1  2 64 15 18 95
 2 18 67 18 11 85 17 12 29 12  3 12  4  9 39 13  8 94  6  6 37 16 20 91  9 10 39  7  2 25  5  1 35 14 17 17 11 19  6  3 14 98 20  5 46  1  4 62 19 15  2  8  7 12 15 13 34 10 16 56
 3 17 12 13 19 66 19 14 88 10  6 63  8 11 59 17  1 55 16  7 31 20 16  4 11 18 26 12  5 68  5 20  1  9  9 82 15  4 70 18 15 15  2  8  1  1  3 48  6 12 35  4 13 81  7  2 25 14 10 56
15 13 85 18 15 88  8 17 24  7  8 30  5  4 89 16 16 77 19 11 15  1  1 34 17 14 23  6  5 36  3  6 72 10 20  5 13  3 55 11  9 79 14 18 54 20 10 37 12  2 91  2 12 98  4  7 91  9 19 91
12 12 91  5 10 93 16  3 17  2 13 76 18  8  2  3  2 90 20 16 77 15 14 27  8 11 69  9 17 17  7  9 56 17 19 28 19  4 45  4  1 93 11  5 92 10 15 83 13  6 59 14  7 82  1 18 80  6 20 33
12 15 21 18  5 49  8  8 19  1 20 47 10 18 83  2 17 11  9  6 86 17 19 37 16  1 24 19 16 10  6 11 49 13 14 66  3  3 17 11 10 10  5 12 64 20  2 87 15  4 72 14  9 68  4  7 99  7 13  7
15  3 46 12  5  2 17  6 72  8 10 45  4 14 91 19 17 86 13 11 61  6  7 66  1  4 67 11 13 42  7  2 27  9 19 53  5 18 89  2 12 64 16  9 52  3  8 28 10 15 29 14 16 66 18  1 74 20 20 80
 6 11  7  1 20 69 11 17 91 16 13  6 12 10 17  5  6 51  7  3 15 18  2 38 17 14 97 19 18  9  4  4  9  2 19 92 20  8 39  8 15 15 13  9 79  3  1 80 15 12  3  9  5 72 10 16 27 14  7 56
20 11 12 12  6 12 13 13 10 15  2 69  4  7  8  6 18  7  7  4  3 11 10 10 19  8  5 14 12 10 16  9 14  9 17 97 18 16 34  3  1  7  1 20 29  2 15 15 10 14 99  5 19 99 17  5 98  8  3 70
10  3 37  4 15 56  2 12 18 17  5  3 14  6 55  6 20 57 12 13 34  7  7 74 13 19 42 20  9 12 11  1 36  3 10 77  8 11 23 19  2 89  5 18 34 16 14 99 18  8 96  1  4  4 15 16 71  9 17 90
10 19 45  7 12 40 20  5 74  6 11 10  4 20 98 15  1 86 11  4  5  1 13 93  5  6 25  8  2 67 13 14 51 16  3 90 12  8  7 18 16 64 14  9 29  2 18 95 17 15 42  9 10 59 19 17 95  3  7 13
 4 10 35  5  8 40 15  2 71 19  4 15  1  1 55 20 15 90  9  9 21 10 13 81 14 12 55  7 11 74 13 18  4 11  3 78  6  7 46 16  5 84  3 17 20  8 14 66  2 16 92 12  6 13 17 20 52 18 19 89
 3 15 91  6 14 96  4  2  3 16 19 34  8 13 51 12 20  4 17 17 75 14  6 53 18  4  5 10 11 17  5  7 59 13 10 74  7 12 53 15 16 90  1  9 12 19  5 71  9  1 27 20 18 53  2  3 37 11  8 28
13 11  9  3 10 84  2  3  4  8  1 38 12 16 78 10  2 97 17  8 43  6 17 97  1 14 91 16 18  2 20  9 75  7 12 44 11 15  6  9 20 22 15  5 59 14 13 95 19  4  2 18  6 60  4  7 62  5 19 27
 7  5 88 19 18 62 11  1 56 10 20 27 18  3 21  6 12 66  4 13 11 20  9 15  8 11 86 17 10 33 13  4 14 16  8 95  1 17 22  2 19 67  5  2 81  3 16 21 12 14 90 15 15 83 14  6 51  9  7 86
 4  6 96 11 15 18 18 11  6  7 10 79  8 14 81  2 12 30 12  1 48 19  4 12 15 16 66 14  5 59 20 18 42 16  3 31 10 17 66  5  7 93  6 13 78  9 19 91 17  2 25 13  8 74  1 20 61  3  9 50
 6  7 64  9 18 44  5 16 70 12 14 85 13 13 59 15 15 19  8 17 98 20  1 80 16  9 25 18 19 82  1  2 81 11  6 47  2  3 33 19 11 28  3 20  1  7  8 75 10  4 66 17 10 63 14 12 18  4  5  8
 3  8 87  1  2 96 14 17 59 15  4 51  2 20  6  8  1 77 17 10 36 13 15 72 16  6 98 18  7 75 10 14 56  5 11 68 12  5 78  4 12 18  9  3 68 11 13 84  6 18 90 19 19 95  7 16 26 20  9 64
 8  6 55 13 19 54 20  4 87  4 16 24 18 14 44 10  7 60  7 17 59 17 13 95 12 18 44 16  8 34  6 11 88 19  9 34  2  5 98  3 10 90  1  2 48  5  1 95 11 12 72 15 20 98  9  3 43 14 15 61
19  3 21  4 10 33  8  5 21 12 20 63 16  4 37  6  2 21 14  7 59 17  9 16  2 16 89  5  6 43 13  1 83 15 12 99  1 19  8 20 11 97  7 17 51 10 18 54  9  8 63 11 15 77 18 13 89  3 14 23
 9 20 51  1 17 67 12 19  6  7 10 12  3  2 55  4  3 68 14  7 65 16 12 66  6  9 50 10 11 89 15 15 48 20  6 88 11  8 86 19  4 60  8 18 58  2 14 39 18  1 62 17 16 28  5 13 23 13  5 47
15 10 40  4  7 62 16 14 63  2  3 90  6 19 47 20  6 60 14 17  7  9 12 54 11  8 61 19 13 54  1 16 18 18  1  2  8 20 36 12 15 87  7 18 98  3  2 61  5  9  1 17 11 65 13  4 27 10  5 49
13  9 75  8  8  9  4 20 53 16  7 64  1  5 43 17  2 18 10 11 66  9 16 34 20  3 97  7 17 23 19 10 55 14 13 12 12 15 31 18  4 64 15  6 86  5 19 76 11 12 68  2  1 11  6 18 25  3 14 62
18  7 36  9 19 53 13 12 75  6 17  8 17 13 97 19 10 75 16  1 92  1  5 71 20 11 36 11 14 34  8 16 54 10 20 17 12  8 21  5  3 91 15  6  2  3 18 77 14  9 21  2  2 49  4 15 94  7  4 89
14 20 37 10  4 79  2 13 89 18  8 53 17  5 47 16  2 75 13  9 99 15 10 50  3  1 40  6 16 90  7 15 74  8 12 15 11  6  4 20 14  1  4 11  4 12  7  9  5 18 42  9  3 38 19 17 34  1 19 29
15 14 79 11 20 95  8  3 16 17 11 72  5  5 34  3  4 17 13 10 27  1 13 16 19  1 88 18 16 89 12 15 14  6 18 95 20  9 97 10 19 97  4  8 61 14  6  2  7  2 69  2  7 45  9 17 19 16 12 35
10  6 16 14 16 30 17  1 28  8  5 41  4 14 52  6  7 97  2 15 12  1  2 64 13  4 99 20 13 24  5 20 40 15 10 42  3 19 64 16 18 65 12  3 89  9  8 28  7 17 44 18 11 87 11 12 15 19  9 47
10 12 73 15  9 98 17 17 93  5 16 54  8 13 51  1 11 10  6  4 12 11  2  1  3 20  3 16 15 18  7  5 36 12  6 31 14  3 42 20 14 13 18 19 72  4  8 30  2 10 30  9  1  2 13 18 52 19  7 19
13 15 71 14  2 52  2 14 80 20 19 20 12  3 65 18 10 26  8  9 19 16  4 69 11 13 53  6  5 81  9  8 38 17 17 45 10  1 97  4 18 48 15 16 37  1  6 77 19 11 28  3  7  5  5 20 81  7 12 64
 3 10 94 15 11 41 14 19 23 20 13 53 11 17  4 13 16 89 19  6 86 12  7 80  9  2 24 18 20  7  6  1  5  8 14 98 10  3  1  7 12 18  5  5 57 17  8 53  1  9 50  4 15 72  2  4 36 16 18 18
18  6 75  4 18 15 19  7 47 10 17 52 13 20 69 14 11  8 17  5 28  1 15 69 16  8 65 12 10 42 11 14 20  2  4 58  8 12 75  5  2 93  3 16 80  6  3 45 15 13 74  9  9 98 20 19 13  7  1 43
12  4 12  7 10 31  6 16 98  1  1 76  9 13 79 13  7 10  4 18 18 14  6 19 16 15 28  3 14 68 17 11 25  8  8 40  5  5 74 19  2 55  2 12 95 10 20 42 11 17 71 15  9 78 20  3 10 18 19 55
 1 18  1 13 10 42  5 20 83 19  6 74 20 19  3  9 12 49 17  7 85  6 15 64 12 17 84 16 11 43  2 16 59  8  9 40  4  8 37 14 14 65  7  2 41 11  5 68 15  4 24 10  3 36  3  1 64 18 13 67
 3 11 16  5 16 83 20 17 72  6 15 18 16 18 74 18 12 40  7  7 96 10 10 59 15 14 95 19  6 76  4  8 75 17  9 23 14  1 65  9  4 65 11 20 16 12  5 71  1  2 52  2  3 84  8 13 99 13 19 24
 7  8  2  2  9 88 19 12 99 14  7 52  3 11 68 12 10 13  1 14 38 17 16 35  9 18 57 20  3 37 16  6 93  5 13 38 13 20 68 15  5 94  4 17 71 18  2 87  8  4 46  6 19 14 11  1 87 10 15 30
17 13 79 18 19 62  7 17 37  4  1 54  8 14  1 16 16 97 15  2 16 13  4  2  3 12 51 19 11 96  2 10 19  9  8 15 12  6 42 11  5  8  1 15 72 20 18 15  6  9 76 14  7 25 10 20 78  5  3 84
 6 10 62  4 15 70  7  9 81  1  3 16 17  4 97 12  8 68 18  1 71 20  7  3  3 16 68 13 20 91 11 17 37  5  6 73  2 14 21  8 12 85  9 13 79 14 11 51 19  2 50 10 18 21 15 19 30 16  5 64
 6  5 14 10  2  1  8  9 29  5  6 72 11  8  6 18  3 31 17  1 98 19 18 50  2  7 83 15 19  2  7  4 86 16 13 33 12 11 33  3 20 98 20 15 59 14 14 21 13 16 80  4 12 99  9 17 70  1 10 80
 3  2 71 12  8 47  6 19 96 14 18 56  4 10 78 10  9 53 13 17 10  2  3 92 15 20  1 19 16 33  7 14 29 17 13 85  9 15 89 11  7 10  8  6 30  5  4 38 16  1 38 20 11 48  1  5 16 18 12 65
19  2 90  6 12 73  7  3 88 13 13 46 20  8 47  3 20 37  8 18  9 12  4 49  4 19 23 16 11  1 18 14 78  5  5 39 14  9 15  2 15  9  9  6 41  1  1 35 11 10 83 10  7  8 15 17 61 17 16 60
17 18  1 10  1 73  9 14 47 20 15 46  4 10 10  5  6 37  1  3 60  7 19 84 12  9 26  3  5 11 13  7 37  2  8 79 18 12 75  6 11 49 11 20 51  8 13 22 16  4 49 19 17 33 14  2  2 15 16 24
18  4  3 17  5 73  2 13 68 10 15 21 15  6 61  3 12 69  7  2 94  6 14 43 20 20 39 11 18 48  5 19 81 19 16 46 16 11 21  4  9 23 13  1 86  8 10 19  9  7 64 12  8 52  1  3 22 14 17 50
 1 16 11  4  8 73  6 11 77 10 20 16 17 15 75 18 19 21 19  2 80 14 10 30 13  7 32  7  3 22 12 13 23  3 14 85 11  9 92 15 17 14 16 18 13  2  6 68  8  4 60 20  1 45  9  5 32  5 12 90
17 11 29  2 17 95  5  6 52 12 16 59  8  4 33 13  3 12  3  8 73 10 15 96  1  5 75  6 18 12  9 10 83 14 13  3 15 20 90 18  7 57  7 19  6  4  1 94 16 14 18 19 12 54 20  9 42 11  2 70
11  3 29  8 14 43  2  1 50 13 12 75  1  4 70  6  6 40  3 10 48 20 19  1  7 17 27 10 20 12  5  2 27 14  9 37 18 13 46  9 16 16 19 11 99  4  5 76 16 18 80 12 15 90 15  7 33 17  8 57
10 15 66 20  5 56  6 14 71 13  1 69 16  6 39  9 16 64  8  4 24  1  7 59 19  3 44 15  8 45  7  9 36  4 19 84 17 13 26 11 10 66  2  2 92  3 17 85 18 11 53  5 12 36 12 20 64 14 18 80
 3  2 41  5 12 49  1 15 36  2 13 17 16  6 14 13  3 69  6  5 21  7  9 36 17 19 24 18 11 96  9 14 81 11 10 78 12  1 43 15  7 52 14 17  7  4 18 66 10 20 69  8 16 69 19  8 89 20  4 10