100 20 20
17 18 91 14 12 54 11 16 97 19 15 79 13  7 21  2 17 22  4  3 93  9 10 67  3 20 17 16  4 84  7 19 13 10  9 43 15  8 97  1  5 41  5  6  4  8 11 35 12 14  6 18 13 93 20  1 32  6  2 35
 2 13  2 13  9 54 20 19 77 15  5  9 17 11 97  8  8 10 19  3 45  1 10 81 12 18 76  5 16 37  4  1 26 10  6 70  9 17 33 16  7 58 18  2 38  7 20 77 14 12 86  3  4 53  6 14 47 11 15 20
17  7 71 18  2 69  6 14 95 15 20  4 14 18 23 12  8 89 20 19 87  5  5 20  1 15 67 11  1 65  8 12 86 10  9 73 16 10 93 19  6 26  2 11 98  7 13 37 13  4 67  4  3 87  3 17 33  9 16  6
 3 14 68  1 20 16 20 18 12 15  9  5 14 11 33 11 17 87 12 10 96  6  8 46 19 16 87  2 15 89 17 13  3  7  7 34  5  6  2 18  1 96  8 12 67  9  3 37 16  5 30 13 19 50  4  2 84 10  4 27
11 17 37 15  5 89  9 12 92  2 20 68 20 13 20  4  2 80 16 14 76  7  3 74  8  8 11 18  1 38 13 16 60 17 19 97  5  6 42 12 10 73  3 15 28 10  9 69  1 11 90  6 18 44 19  4 27 14  7 54
16 10 24  4  2 36 11 20 82 17  6 13 12  1 33 18 13 80  1  4 44  9  5 99  2 18 80  5 14 82 10  7 79 15 15 62 13 16 31  8  9 27 19 12 72  3 19 12  6 11  4 20  8  4 14  3 11  7 17 35
12  9 83  9  3 57  3 10 19  5 20 80 20  6 20  8  5 16 15  7 96 19 12 24 11  4 64 14  8 93  6  2 61  1 16 86  7 14 46  4 17 58 17 18  2  2  1 19 16 19 46 18 11 50 10 15 79 13 13 84
13 12 14  7  6 16  9 15 76 11  3 89 19  5 85  8 20 86 15 13 60  5 19 44 16 10 28 12 16 63 14  2 10 17 14 44  3  9 26 10  8 61  6 11 92  2  1 30  1 18 19  4  7 27 20 17 22 18  4 86
20 10 22 10 17 62  6 19 75 13 18 10  2  3 78  4  6  3 19  4 97 14  2 88  9  5 10 18 16 46  3  8 21  7 12 51 17 15  3 12  9 94  8 14 82  1 13 26 15  1 83 16  7 57  5 20 86 11 11 61
18  5 80  1  1 81  7 20 25 11 17  5 10 19 75 19  2 38 16 15 16 12 16 20  9  8 50  3 18 52 15  3 17  6 14 86 17 10  6 13 13 49  4  6 74  8  4 82  2  9 86 20 12 26 14  7 80  5 11 46
11  5 94 12 16  7 14 11 27 15  1 26 19 18 97 13  3 14  4  8 27 18  4  3 10 13 12 17  6 82  1 15 46  7 14 21 20 10  1  9  2 99  6  9 83  3 17 22  8 20  2  2  7 42 16 12 61  5 19 79
 6 19 17 15 17 67  2  2 61 14  1 72 12 14 49 16 13 91  9 20 38 19 11 28  8 18 34 13 16 14 17 15 50  3 10 49  4 12 40 18  8 63 20  4  5  5  6 80  7  7 70 11  9  3 10  3 62  1  5 43
14 11 58 13  1 39  6 19 52  1 16 68  4  8 71  2 20 86 10  3 61 11 18 53 17  7  1  8 10 97 18  4 53  7  2 51 20 13 25 19  9 16 16  6 91  9 12 93 15 14 37  5 17 61  3 15 41 12  5 49
12  9 20  1  1 24 11  4 58 20 16  8  5 11 72 17 14 30  4 20 15 15 12 86 13  6 31  2 18 40 10 19 72 16  3 77  9  8 34  3  5 45 19 17 83 18 15 85 14 13 19  6  2  5  7  7 77  8 10 75
19 11 61  7 18 89 14 17 77  1  4 44 20 10 32 10  3 86  4  5 40  9  7 23 11  2 35  2  6 57  6 20 33  3 12 16 17  8 60 15  1 70  8 19 67 12 15 37 18 13 42 13  9 24  5 14 75 16 16  1
 1 18 22  8 13 32 14 15 21 13 19  3  9  6 69  4 20 77  3  5 53 19  4 64 15  9 34  2  8 15  6 12 58  7 10 55  5  1 68 18  2  5 16 11 20 17  3 88 20 17 91 10  7 79 11 14 55 12 16 16
 7 18 53 15 13 84 12  9  1  9 11 66 20  1 14  4  2 83  3 17  1 13  3 96 19  5 54 10  6 30  1 16 80 18  7 81 16 10  9 14 12 49  5 14 32  6 15 19  2 20 92 11 19 65  8  8 88 17  4 64
 4  7  4 17  1 68  2 15 79 18 12 21 19  3 84  1 13 92 11 10 66 20 19 51  3  2 83 13 20 96  5 18 68 16 11 38  7  6 38 15 16 99 14 17 76  6 14 46  8  9 57 12  4 66 10  5 75  9  8 88
 1 17 58 10 16 56 17 15 35  4 19 59 11 20 82  9  4 24  2  8 96 13 11 24 16 10 55 14  5 80  7  6 34 20 13 69 18 12 53 15  3 98 12  1  8 19 18 81  8  2 81  3  9 38  6  7 39  5 14  3
19 14 59 17  4 81 10  3 30  2 17 76  8 10 71  1  8 85 11 16 80  5  6 36 20  2 57  7 12 96 14 20 34  3 19 14  9  7  3  4  5 90 12  9 99 13 18  9 18 15 42 15 13 95  6 11 27 16  1 27
19  6 28 15  1 11  3  5 66  7 16  2 10  2 35 14  7 69 20  3 61 11 17 84  8  4 73  5 11 56 18 13 98 16 15 81  9 14 72  4  8 92  1 20 23 13 18 21  6 10  5 12 12 95 17 19  5  2  9 22
13 12 16  1 15 77 17  9 85  4 16 76 20  6 46 10 18 36 19  3 89  8  8 99 14 10 44  3 20 37  6 14 49 16 19 80  7  2 61  9 13 87 12  1 41  2 17  6 15  4 83  5  5 79 18 11 44 11  7 83
17  6  9 19 12 84 11 15 99  7 14 38 18  2 68  6 17 77 10  5 51  3 19 68  4 18 69  1  1  6 13 13 26 12  9 99  8  7  6 20 10 34  2  3 27 14  4 51 15 20 82  9 16  5 16  8 90  5 11  1
12 10 85 16 18 64 10  7 55  2 13 76 20 17 89 19 16 68 17 12 34  5 15 14  4  4 52  3  9 33  1 11 91 15 20  4  9  8 18 18 14 95 13  1 76  8  2 40  7  3  8 14  5 36 11 19  5  6  6  1
16 10 51  3  9 33  4  6 80  6 12 90  2 18 75 10 19 47  9  2 65 20 20 42 19 16 16 17  4 11 13  5 38  8  3 83 14  8 48 12 11 74 15 14 15 18  7 10  1 17 89 11 15 41  5  1 97  7 13 97
13  2 16 18  9 47  1  5 21 15 20 95  9 16 20 16  7 89 14  8 22 10 10 11  7 13 15  8  4 37  6  3 65  3 12 28 20 11 39  2 18 88 19 19 14  4 17 28 12  6  6  5 15 24 17 14  4 11  1 23
 9  6 14  4  7 66  1  9  4 20 10 58  3 11  7  7  1  6 17  5  5  2 13 48 13 19 54  8  3 59 12  4  2 10 16  1 14 14  4 16 20 82 19 18 75 15  2 24  6 12 66  5  8  4 11 17 20 18 15 79
12 11 50  2 19 23  4  5 15  7  9 14 20  2 91 11 15 86  3 13 96 10 10 63 14 16 16  8  6  3 13 20 64  6 18 59 18  4 68  9  1  9 16 17 59 15 14 86 19  8 47  5 12 50 17  7 89  1  3 37
 5  4  2  7 20 84  8  5 29  3  8 72 16 18 60 13 10 52  2  3 16 20  2 39  4  6 89 18 15  1  9  7 72 11 14 97  1  9 17 19 12 33 12 11 19 10 16 21  6 17 16 15 13 89 17 19 48 14  1 81
 6  2 46 20 14 33 15 15 94  8  7 45 13 18 30 17 11 65  3  3  4 12  8 56 16 12 22  7  9 29 14 17 82  9 10 12 11 20 53 18  4 99  4 16 40  1  5 34 10  6 59 19  1 11  2 13 73  5 19 97
20  6 88 18 17 68 19  2 32  8 19 99 13 18 75  2  8 45  6  9 38 17 12 98 10 15 18 16  7 29  3 20 47 11  1 79  7  3  6 15  4 77  5  5 17 12 11 56  1 13 21  4 16 20  9 10 96 14 14 63
 5 10 33 12  5 56 17  6  9 13 18 65  7  9  9 14 20 23  4 11 64  2 13 68  8 12 25 20  7 94 16 14 61 11 17  3  6  1 16 15  3 89 19 16 55 18  8 77  3  4 30  1 15 45  9 19 75 10  2 31
17  4 22 18 10 69  7  3 91  4 14 25  3 13  7 11  8 69  6 16 55 12 18 57 15  5 10  1  1 59 19 11 60  9  2 44  5 15 75  2  9 31 10 20 87 14  7 29 13 19 96 20 12 37  8  6 36 16 17 71
12 14 81  1  2 29 14 17  1 11 12 98  5 11 17 16  9 53 10  1 33 15  5 64 13 13 47  6 10 17  2  6 34  3 18 84 18 19  5 19  4 19  9 16 48  4  7 49  8  3 69 20  8 98 17 20 57  7 15 80
 7  5 71 15 15 72  6 17  8 10 10 70 17 20 74  8  9 42 13 16 87  5 18 89  3  4 50  1 19 13 18  7 97 12  2 47  4 12 77 20 13  5 16 14 74  2  6 37 14  1  9  9  3 56 19 11  8 11  8 19
11 10  7 10  5 46 20 19 10 17 17 99  8 14 32  3  8 20 15 16 73  1  6 27 16  2 14  9 15 25 13  3 84  4 11  5  7  7 75 12 20 14  2  1 43 18  9 56  5 12 12  6 13 59 14  4 52 19 18 10
 3  5 89 12 19 64  7 14 58  2 18 76 17 11 89 11 12 59 14  6 58 15 10 40 20  1 45  6  3  3 10  8 39  9  4  6 13  7 69 16 17 28  8 20 65 18 15 23 19 13 55  1 16 93  5  9 58  4  2  5
15  5 25  9  2 60 10 18 75 19 16 34  5 15 66  7 12 81 12  8 18 17  9  5 11  7 31 13 14 63 14  4 33  3  3  8  1 20 81 16 13 68  4 11 28 20 10 91  2  1 91  6 19 74 18 17  7  8  6  7
18 16 19 12 19 50  2 13 65  1  5 53  3 10  9 17  3 90  8  9 69  4  6 50  5 18 58 16 14 13  9  1 69 20  2 10 19 11 58  7 12 10  6 17 91 11  8  5 10 20 37 14 15  9 15  4 93 13  7 94
 7  7 46 19 19 55 13  5 99  8 12 28 17 10 95  5  4 94 12 11  4  6 14 51 14 20 59  4  6 10 18 16 79  2  2 70  9  1 35 16 13 82 15  9 35  1 17 84 20 15 34  3  8 87 11  3 91 10 18 69
17 19 12 13 20 31 14 13 94 11  4 65 16 17 13 10 14 16 19 16 39 15  7 46  1 11  4  7  8 74  6 12 50  3  6 40  9 18 81  5  1 47  4  3 96 18 15 67  2  2 94  8  9 53 12  5 22 20 10 17
 2 11 23 17 19 24  3  5 66 15 14 15  6 17 56  5  2 84 18  6 79  9  7 25  1 12 13  7  8 72 20 10  7 14 15 81 12  4 62 19  1 50 10  3 91  4  9 77 13 20 32 11 18 10 16 13 78  8 16 78
 4 11 21  9  1 78  6  3 21 14  2 10  8 12 88  2 17 23 15 18 92 13 15 34  1  6 88  3  9 48 18  8 66 11  4 71 10 19 55 20 16 25 17 14 43 16 13 24 12 20 87  7  5 59 19 10 90  5  7 63
 3 20 90 20  2 22 10 19  6  7  6 50 17  1  9  2 12 18  9 13 19  4 17 52 12 18 83 13  9 66 15 10 66 18 11 39  6 14 10 11  8 80 16  4 55 14  7 38 19  3 29  5 16 41  1 15 63  8  5 32
12 11 91 19  6 27  7 16 72 17  5 71 11  9 61 16  8 35  6 19 17  8 14 26 18  1 42  3 12 64  2 10 11 20 15 33  9  2 84  5 18 12 15  7 18  4 13 57  1 17 43 10 20 24 13  4 77 14  3 85
14  9 62 11  3 49 17  1  5  5 19 46  7 14 93  6 16 85 19 10 92  4 18 30 16 15 64 18  6 77  9 17 38  2  5 30 12  7 31 20 12 25  3 13 90  1 20 79 13  4  3  8  2 52 15  8 87 10 11 30
 6 19 87  9 20  4 11 11 57 13  9 43  1  8 55  3  4 21 10 16 30 18  6  1 19  3 72  7 18 75  5 15  9 15 17 49 20  5 91 14 13 39  8 14 40  2  2 59 17  1 20 12  7 27  4 10 67 16 12 22
13 14  2 14 18 47  5  5 91 19 20 11 12 13 70  9 17 97 20  8 78 11 19 69  4  9 17  2 15 40  6  7 57 10 16 32  1  3 67 16 12 26 17  4 23  3  2 55  7 10 14 15  6 77 18 11 77  8  1 82
14  3 34 12  2  1 19 15 64  3  7 90 20  5 37  7  4 47  2 13 27 13 14 54 10  9  3 11 10 94  8  8 25 15  6 33  4 19 12 16 11 27 17 12 32  6 18 49  5 16 35 18  1  5  1 20 73  9 17  3
 9 14 28 13 17 54  6  1 45  2 20 32 17  9 53 19 15 99  1 18 85  5 13 86  7 16 13  3  8 99  8  6 64 11 11 77  4 12 82 20  4 32 16  7 75 12 10 32 18 19 68 15  2 16 10  5 63 14  3 81
12 12 31 16 16 58  3  9 73 13 17 12  5  7 25  6 19 64 14 18 98 11  8 72  4 15 47  9 13 84 19  6 17 20 14 98  7  5 99  2 11 39 15  2 73 10  4 82 17 20  1  8  1 43  1 10 48 18  3 62
12  8 44  5  4 50  2 17 44 13 12 72  6 19 89 15 10 45  1 18 44 14 16 21  7 20 79  8  5 60 17 14 87  3  1 63 16  9  8 11  2 20 20  6 88  9  7 88  4 15 77 19  3 88 18 13 46 10 11 30
19 16 44  9  1 42 16 11 84 12  8 41  2 13 74  5 19 52 20  3 25 15 10 87 18  6 43 10 15 77 11 14 39 13  9 93  1  5 44 14 18 23  4  4 75  6 12  7  8  2 60  3 17 45  7  7 71 17 20 49
 8 18  3  2 11 68  1 20 56 18 13 20  3 10 35 12  9  8 15 12 79 20  6 21 19  8 48  7  2 43  6 17 75  4 16 92  9  7 83 14  3 48 13 14  7 11 19 99 10  1 43  5  5 94 16  4  6 17 15 34
14 17 48 11  1 60  6 14 33 17 12 16 16  7 34  3 10 99  4  5 83  5  3 11 19 11 80  8 19 43 12  4 97  9  2 80 10 20  2  2 18 37 20 15 31 18  6 37  7 13 58 13  8 11 15 16 24  1  9 84
 6  1 10  9 13 30 15  2 97 16 12 89  7  3 47  3  4 37 13 20 73 18 10 11  8  9 90 12  8 54  4 18  1  5 16 97 20  6 68 14 14  8 19 15  7  1  7 72 17 11 38  2 19 50 10 17 42 11  5 32
 3 16 54  9 14 94  7  5 31  1 13 52 15  3 76 19  7 20 17  2 29 11  9 56 18 10 36 12 15 16 10  1 29  6  6 31 16 17 49 13 12 91  4 11  7 14  4 37 20 19 86  2 18 75  5  8 21  8 20 46
11  3 47  4 20  1  2  4 16  1 16 29 15  7 47  6 18 81  8  2 52 19 17 44  5 13 95 14 14 79  7 15 53 18  6 73 13 19 93  3  5 97 12  1 91  9 10 56 17 11 17 20  8 72 16 12 32 10  9 78
 5  1 38 17 18 44  6  3 69 15 20 21 12 16 80  2 11 40 11  8 50  3  9 76 16  5 72 20  7 88 18 14 14  7 19 39  4 13 26 19 12 66 14  4 85  9 17 90 10 10 72  1 15 90 13  2  3  8  6 12
17 20  6  3 17 51 20 13 62  5  2 10  9  6 10 12  1 34  2 10  9 15 12 65 18 11 93 13  8 11 14 18 61  4 15 50 19  7 27  8  5 11  1 19 57 10 16 79 16  3 13  7  9 29 11  4 68  6 14 61
15 20  3 20  7 12 10 14 26 11  4 19  5  2 63  8 13 40 13  6 65  6  1 56  3 11 73 18 18 10 12 19 19  4  8 52  7 10 84  9 17 28  1  9 35 16 16 65 19 12 58  2  5 87 14 15  9 17  3 92
15  7 49  1 12 39  9 16 88 13  8 33 11 10 42 10 18  1 19  4 89 18  5 67 20  2 22 17 13  5 14  6 53 16 15 71  3  1 64  8 14 80  5 20 23 12 17 86  7 11 19  2  9 65  4  3 55  6 19 90
12 11 45  7 12 24 17  2 72  3 17 49 16  8 63  6  7 70 13 20 86 19  5 47 10 18 19  4 10 57  5  4 61 14  9 50  1 16 30  9 14 44  8 15 77 18  1 17 20  6 84 11 13 99  2  3 54 15 19 47
18 19 67 20  5 84  2  7 38 13  9 93 10 14 29 14  2 36 19 15 90 11  4 98  8 12 84  1 18 38 17 20 21  9  8 82  4  6 59  3  3 68  7 16 85 12 13  2  6 11  4  5 17 30 16  1 19 15 10 79
18 17 32 10  9 34  8 12 26 20 14 77 14 16 20  5  8 68 16  3 77 12 20 14  3  5 65  2 19 16  7  1 43  4  7 66 19 15 49  6  6 52 17 18 39  9  4 65 15 11 83  1 10 34 11  2 25 13 13 49
 2 13 84  8  2 63 19 10 67 10  9 34 11  4 48  6 12 36  3 19  5  1 15 84  4  3 52 14  8 45  9 20 61 15  1 24 17 18 87  5 11  4 13 14 60 18  6 48 16 17 52 20  7 78  7 16 19 12  5 23
13  2 99  1  5 33  3  3 45  6 13 24 10  7 15  7  8 20 14 14 50 20 10 31 17  6 15  2 16 58  5 17 31  4  1 31 11 19 93 15  9 99  8 15 59  9 12 62 19 20 66 16 11 91 12 18 15 18  4 29
 3 16 97 14  2 94 19 18 74 13 14 67  2 13 44  4  1 53  8  7 57 17  5 73 20  9 92  9 10 99  7 11 77 12 15 84  1 17 82 16  6  3  5  8 61 11  4 61 15 19 39  6 12 11 10  3 23 18 20 80
 5 16 89  4  1 33 11  3 48  7  9 40 14 14 92  8  8 63  9  5 34 20 18 79 16  6 60 10 13 17 17 11 62  6 12 49 18 10 65 19  7 75 13  2 52  1 20 80 12 19 84  2 17 91  3 15 50 15  4 65
12 11 51  3 15 31 10  2 34  5 10 54  4  7 27 13 19 20 17 14 65  9  9 43 19  6 45  7 20 13 15  5 98  1  4 38  6  1 66 11 18 17 18 17 70 16  3 62 14 12 91 20 13 36  8  8 89  2 16  8
20  9 75  7  3 23  9 14 47  8 17 99  4  6 65 17  7 76 14 10 66 19 13 58 12 11 33  2  8 22 15 18 25  3  5 99 11 12 53  6 20 81 18 19 93  1 15 42 16 16 62 13  4 98 10  1 75  5  2 77
 5  4 78  3 20 93 20  3 92 17  5 54  8 15 39  4  6 52 14 14 60  2  9 71 18 10 47  7 13 86 10 16 94  6 11 97 15 19 68 13  8 88 16 17 25 19 18 61  1  1 70 12  2 49  9 12 23 11  7 54
 6  1  5 13  7 75 12 19 27 15  9 40  2 10 54 11 20 53 16  5  9  9 14 47  4  6 85 17 18 54  5  2 91 20 13 15 18 17 45  8  3 26 19 11 90  1 16 53  7  4  7 14 12 78  3  8 94 10 15  8
 4 10 19 16  9 56  8 12 69  6  3 66 14 13 98 19  7 34 15  2  1 20 18 40  1 19 74 10 20 43 11  4 73 12  1 96 17 16 80  7 17 87 13 14 78  5  6 88 18 15 90  2  5 49  9  8 85  3 11  3
 2  6 88 20  2 98 19 19 82 11 17 46 14 12 79  5 16 69  1  4 95 17 13 41 13  1 39  8  8 12  9 18  1  3  9 71 16 11 27  4 10 77 18 20 99  7 15 50 15  3  1 10 14 21 12  5 72  6  7 46
 5  7 20  1 18 62 14 19 33 18  4 79 11  3 56 10 20 67  2 15 23  6 11 56  7 13 44  9  1 56 20  8 15 12  5 15  8  9 16 15  2 79 19 16  8  3 12 73 16 14 86 13  6 52 17 17 79  4 10 62
10 12 93 13 17 86 11  6 44 19  9 80  2 15 18 15  8 79 17  3 63 20 14 94 16  7  9  4 13 86  5 16 89 14 20 12  8  2 66  7 18 55  6 10 70 18  5 35  3 19 14  1 11  3 12  1 54  9  4 62
 6 20 42 10 15 39 16 12 42 12  4  9  1  7 37  4  5 25  9 18 78  3 19 76  5  1 16 15 17 38 11 13 30 20  6 80 14  9 34 19  8 92 13 14 29  7 11 96  8  3 25 18 10 49 17  2 67  2 16 53
 7 15 20  1 17 52 19 16 29 17  4 51 12  9 35 16  2 38 14  8 18  5 13 43  6 12 46 10 19 98 13 14 73  8 10 68 11  1  3 18 20 98  2  7 68  3  6  8  9  3 15 20  5 88 15 18 72  4 11 20
 9 16 89 10 11 59 12 17 68  1 12 63 19  5 41 20 18 30 15  7 43 17 19 80  5 15 64  7  3 14 11 14  6  4 13 36  2  6 88  6  4 71 18  8 51  3  9 63  8  1 32 14 10 16 16  2 63 13 20  7
19 12 18 17  1 90  3 17 55  8  2 25  5  9 72  2  7 92 18 13 88 20 10 69  9 20 89 12  6 83  4 15 58 13  3 35 14 19 79 16  5 43  6 16 86 15 18 50 11  8 64  7 14 88 10  4 57  1 11 25
 7  8 73  9 11 18  3 12  4 11  2 69 16 18 40  5  4 28 14 15 37 13  1 42  2 13 82 15  6 83 18 16  2 17 14 41 12  5 13  8 19 75 19 10 31 20  3 66  4  7 72 10 20 66  1  9 96  6 17 45
15 19 29  2 15 49 12  3 96 13 16 50  1 12 38  7  8 80 10  9 90 11 17 36  3 13 50 17  7 76  9 14 15  5  2 31 16  6 89 14 18 87  8 10 55  4 11 49 19  4 23 20  5 19 18 20 38  6  1 93
19 20 75  4  9 45  6  4 75 16  3 72 10  7 65 17  8  6 11 18 16 18 10 24 15 16 24  1 17 44  5  5  4 13 19 22  3  2 99  2  1 10  9 12 85  8  6 79 20 11  2 14 15 54 12 14 80  7 13  2
17 15 58 18  2 33 16 14 92  4  9 93 12  1 94  8 17 34 10  4 36  5  6 48  9 11 54 14 18 12 19  3 19  2 20  2 11  7  7  7  8 60  1 16 36  3 19 11  6 13 97 13 10 57 15  5 71 20 12 60
14  2 20 17 20 68 15  7 53 11 17 54  9  9 59  5 13 16  1 19 60  4  1 68  7  5 65 10  4 42  8 18 57 16 11 16  2 14 92 20  3 99 13 10 82 18 12 91 12  8 12  3 15 19 19 16 59  6  6 43
13  8 20  4  9 84  8  2 24 12 19 80  9 15 60  2 16 82 14  1 62  7 13 32  6 18 29 11  6 20 15  4 76  1 12 78  3  3 78 17 14 42  5  5  3 18 11 30 10 17  7 19  7 82 20 20 62 16 10 13
17 18 84 19 11 22 13  4 78  2  6 80  7 20 58 10 14 53  8  9  6 20 10 85 16  2 23 11 17 99  1 15 83  9  5  9  4  7 72 12  8 88  5  1 84 14 12 87  6  3 78  3 13 65 18 16 23 15 19  7
12 15 35 11 19 94  5  5 33 18 16 10 13 12  6  3 10 85 16 11 88  7 18 18 15  6 94  2  4 92 14 13 28 20  7 33  8  2 93 10 17 11  6  1 25  1  3 67 17  9 44 19 20 28  4  8 69  9 14 67
 9 13  9  1 19 82 19  6 43 13 15 53  3 16 48 14  8 39 16  7 52  7 20 75 18  5 81  8  2 44  5 11 24  4 10 44 11 17 58 17  9 73 20 12 30 15  3 25 10 14 21  6  1 14 12 18  6  2  4 41
 1  2 19 13  9 21 19 16 36 16  3 72  3 19 96  2  5 32  8 13  5  6 17 46 11  7 61  5 14 82 18  1 91  4  4 42 17  6 97 12 10 65  9 20 78 14 12 40 15 11 93 20 18 64 10  8  8  7 15 56
 7  2 10 12 10 93  2 16 28 11 18 77 20  4 87 13  1 26 17 12 33  1 15 17 16  5  2 10 20 35  6  7 15  9 19 45  5  9 96  4 17 11 19  8 95 18  6 39  3 14 22 14  3 73 15 11 79  8 13 64
19  3 79 10  4 88  6 16 65 16  1 24 13  9 38  9 17 17 15  5  3  3  6 73  2 14 59 12 15 92  8 11  3  5 10 28  7  8 17 20 19 71 18 18 91  4  2 17 11 13 69 17 12 69  1 20 51 14  7 40
10 12 93 13 13 82  9  9 47  7 14 42 20 20 59 11  3  7  6  6 43  8  8 83  5 17 45  3  7 83 12 16 67  4  2  9 19  5 37 16  1 62  1  4 82 18 10 69 17 11 34 15 18 39 14 15 15  2 19 84
19 19 32  7 13 72 13  9 68 15 18 95 16  5 70 20 10 80  5  4 78 18 15 80 17 17 30  6  3 44  3 14 13  2  1 96  4 16 26  9  7  4  8 20 89 10 12 98 12  8 83  1  6  8 11  2 70 14 11 68
 1 20 37  9  5 20  6 19 35  2 16 99  7 12 27 19  1 12 15  3 73  4  7 92 16  8 98 20 13 75 17 14 75 18 15  1 14  9 35 12  2 73  3 11 35 10  4  6  8 10 38 13 18 34 11  6 70  5 17 51
16  5 16  4  4 78  3 12 58 13 15  9 14 16 97 10  3 55 12  7 38  6 11 65 18 20  1  5 17  8  7  6 27 17  9 36 20  8 50  1 18 21 11  1 32 15  2  6  2 14 34 19 13 84  8 19 50  9 10 39
17 16  4  9  9 94 19 19 49 20  8 20 16 13 98  3 15 64  6  1 41 14 14 29 13  3  4 15  6 90  2 10 57 10 11 47 12 20 63 18  7 54  7 18 57  4  4 83 11  5 18  5  2 38  8 12 74  1 17 83
 7  3  2  6 18 49  5  1 60 18 20 76 13 11 30  8 14 73 10 15 59 11  4 84 15  9 86 12  7 39  9  5 40  4  2 68  3 12 42 20  8 89 19 13 84  2 17 11 16 16 97  1  6 37 14 19 12 17 10 43
19 13 99 10  7 32 14 19 51 11 14  1 16  4  8 17 16 85  8 17 95  5  8 83 20 20 26  3  1 94 12 11 60 15 10 79 13 18 59  6 15 21  2 12 27  7  6 56  9  3  4 18  2 17  1  5 90  4  9 68