100 20 20
12 15  5 14  2  5 18 19 18 19 10  8 20 11 12  1 20 32  3  3 59 16  1 96  5 16 31 11 18 41  9  7 92  7  8 15 17  4  9 10 17 16 13  9 90  2 14  1  8 12 70  4 13 59 15  6 13  6  5 96
16 19 93  6 17 28 10 16 39  8 12 18 18 15 71 19  7 40 17  6  8  1  9 74  4  3 31  9  1 20 14  5 46 20 14 73  2  8  7 13 11 26 12 13 11 15  4 29 11 18 73  3 10 82  7  2 40  5 20  6
15 19 33 12  2  2  9 14 93  6 20 59 16 15 32  4 17 81  1 11 86  3  4 65  2  5 22 17 16 88  7  1 29 10 10 85 13 12 47 11 18 13 14  9 48 20  7 23 18  8 16  8 13 41 19  6  4  5  3 80
20 20 67 13 12 36  4 10 66  8 15 52 17 17 52  7  5 31 11 19 16 14 18 42 15  8 10 10  6 93  6 11  2 19  9 72 16  2 93 18 14 17  3  4 91  5  7 76  9 16 27 12  3 52  1 13 67  2  1 77
12 14 88  1 13 56 14 20 64 13 15 37 16  8 99  9 19 17  5  6 92 15 18 20  2  9 39 19 11  9  3  3 28 10  1 22 11  4 41  8 16 88 17 17 77 20  5 17  7 12 61  6 10 50  4  7 47 18  2 78
 6 10  3 14  5 41 11  8 88  3  1  6 20  9 30  5 19 82 19 15  2  7 16 66  9  7 90 17 11 33  8 18 10  1 13 70 13  4 51  2  3 41  4 12 44 12  2 91 15 17 85 18 20 96 16 14  6 10  6 38
 6 10 39  7 13 74  9  7 37  4 11 78 16  1  4 14 18 35  8  2 78 13 20 79 20  8 65 18  5 53  1 14 14 10  4 93  3 16 70 19 19 14 11  3 90 15  6 95  5 15 49 12 17 36  2  9 85 17 12  1
 4 17 83 11 16 41  8  2 22  6  1 29 15 12 52  7  6 71 13 10 16  3 15 93  2  8 54  5  9 63 14 14 12  1 19 85 10 13 62 19  3 45 12 18 30 17 11 60  9  7 43 16 20 71 20  5  2 18  4 50
13 15 37 15 18 86  7 13 81 10  2 60  1 11 57  2 12 66  8  5 24  5 14 98 18  1 92  9  8 69 17  7 14 20  3 59 11 16 35  6 10  6 19 19 25 16 20 57  4  4  1  3  6 44 12 17 94 14  9 30
17 20 95  4  9 93 19 14 51 14  2 52 15 12 16  2 17 96 16 11 39  9  5 75  3  4 98 20  8  2 11 16 38 10 18 69  6 19 32 18  1 95  1 13 63  5 15  4 12  6 11  8 10 50  7  3 95 13  7 78
10 18 73  4 17 28 12 14 43  7 13 47 14  6 57 13 16 88  6  8 33 11  4 13  5 10  7 15 20 49  8  5 23 19  9 38 18 12 21 20  1 99 17 11 72 16 15  3  3  2 80  1 19 67  9  7 93  2  3 91
15  8 31 10  7 52 20 15 64  8  1 83 14  5  2  9 11 90 16 14 64 18 17 16 17  6 18 12  4 25  3 13 23  1 16 30  4 20 22 19  3 54  6 12 68  2 19 63 11  9 89 13 18 95  7 10  5  5  2 37
16 16  5 14 15 42  9  4 17  1  9 54  3 10 46  2 12 44 10  1 59 12 17 87 13 13 62  6  6 51 17  7 55 19  5  3 18  8 40  8 20 26  5 11 18  4 14 15  7 19 18 11  2 72 20  3 35 15 18 60
 4  4 27  9 13 14 17  7 77 13 12 24 11 11 55 15 15 67  7 18 59  5  2 19 18  1 29  2 16 33  8  5 88  1  9 30  6 17 91  3 10 11 12  3 11 16 20 67 19  8 94 10 19 50 14  6  2 20 14 83
12 15 19 13  5 29 16 20 37 20 10 58 11  8 32 18 14 38  5  4 99  3 11 88 15  6 49  1 13 70  8  9 60 10  7  7 19 17 81  9  3 82  7 12 58  6  2 83 14  1 16 17 18  1  2 19 69  4 16  7
15 13  3  9  4 84 17 14  8 19 17 12  7 11 93  4  8 92 20 16 81  8  2  4  1 15 78 13  6  9 14 10 78 18 20 75 10 18  5 16 12 50 12  9  8  5 19 44  6  5  4 11  3 60  3  7 94  2  1 74
 3 20 32  2 19 88 16  3 31 17 11 68 18 16 31 10  1 10  1 17 45 20 14 75  4 18 82  8  2 51 15  7 55  6  6 99 19  5 44 13  8 84  9  4 22 11 13 12 12 10 35  5 12 64 14 15 17  7  9 42
 3 14 46  4 11 65  8  7 74  2  9 96  6  5 28 12 16 86 11 10 95 18 17 93 13  4 67 19  1 56 10  8  2 16  3 99  5 19 84  7 12 44  9 18 82 20  6 30  1 15 90 15  2 63 14 13  5 17 20 13
 6 20 91 11 16 76 13 11 71 12  3 53  5  6 80 16 19 23 20  7 80  4  4 99 10  8 31  7 10  4 18 18 13  3 13 57 19  2 36 15 14 75  8  9  7 14  1 72  2 15 27  1 17 44 17 12 11  9  5 92
20 16  5 11 20 23  9 17 28 19 12 23 12 15 86 15 14 68 14  4 19  2  9 68  4  6 64 18 10 16  3  1 26  5 11 59  6  5 15 10  7 41  1  3 60 13 13 25  7 18 66  8 19 99 17  8 18 16  2 93
12 19 34 17  8 38 19  7 13  6  6 74  9  4  9  7  3 83 13 15 79  4 20  7 18 17 34 15  5 45 10 12 71  1 14 36  2 10 12 20 16 32  5 13 74 14  9 27 16  1 23  8  2 12 11 11 13  3 18 58
17  8 56 12 15 51  1  3 80 10 18 85 20  9 77 11  5  8  7  6 57 16  4 60  6 16 26  5 13 57 18 14 76  2 19  3  4 17 80 14 10 86 15 11  8  3 12 45 19 20 19  9  7 19 13  1 89  8  2 55
20 10 13 13 11 97  7  1  4 12 19 64 11  9 14 17 12 34  5  6 66 14  2 27 19  4 64 15 14 78 10  3 25  9 13 48  6 17 90 16 15 96 18  8 10  8 20 86  3  5 87  1 18 75  2  7 92  4 16 40
 3  1 57  7  9 62 11 14 56 16 19  2  2 18 49  4  5 69 14 20  6  6  7 12 18 11 33 12  8 36 15 12 19 17  3 61  8 15 89  1 17 17  9 10 55 13 16 87 20  2 61  5  6 22 19 13 59 10  4 78
 8  4  6 20  9 11  4  3 56 12  1 42 18 15 71 15 20 29  2  2 98 17 11 94  5  5 14  7 19 51  3 14 47 19 12 53 16 16 37  6  7 45  1  8 22 13  6 31 11 17 28  9 13 26 10 10 47 14 18 88
11 12 24  1  1 68  3  6  7 16 20 63  2  2 87  8 10 32 13 17 44 20 14 45 17 19  5  7  7 66 14  9 27 12 16 38 15 11 92 19  4 86 18 15 26  6  5 85  4 13 15  9  8 80  5 18 52 10  3 61
10  6  5 11 15 87  8 13 97  7 16 68 15  5 76  5  8 24 14 14 54 17  3 90  3 12 90  9 17  3 20  9 57 12 19 64  4 18 52 16  2 65 13  1 66 18 20 81  1  7 72 19  4 73  2 10 61  6 11 14
 3  4 96  2 13 93 15  7 52  4  1 52  5 14 30 16  6  9 12 11 39 14 16 80  1  8 89  6 20 68  7 19 22 18 10 31 13 12 30 17 17  6 10  2 13 19 18 75 11  5 80  9  3 81 20 15  4  8  9 47
14 16 72 15 18 77 17 19 61  1 13 46 16  7 12  2 15  2 11  3 94 12  8 13 20  2 67  9  6 79  3 12 68  4  4 58 10 20 28  5 10  3 18  5 12  7 14 58 19  9 46  6  1 43  8 11 57 13 17 70
 4  5 49 15 20 40  5 11 33 19 12  7 17  7 33  8 17 84 16  3 24  9  4 63 20  1 39  3  9 17 10 10 64 11 13  4 12 18 41  6 16 60 18 19 87  1 14 61  7 15 45 14  6 91 13  8 11  2  2 60
 2 20 93 12 18 12 18  2 36 13  5 31  6  3 15 17  6 57 10 13  8 20 17 83  9 10 49  4 15 40  8  8 35  7 11 96 14  7 61 16  4 54 19  9 87 15  1 12  5 12 30  3 19 14 11 14 30  1 16 83
 2  2 16 12 14 23  9 16 31 20 10 15  6 13 37  3 12 85 16 17 77 10  3 83 19  1 64 17 19 31  7 11 65 14  7 88 18  9 46  5  5 62  1 20 84 13  4 52 15 15 62  4  8  8  8  6 55 11 18 81
 8 15 35 13  6 46  7 12 78 11  5 87 16 13 93  2 11  3 18 17 84 10  2 77 20  3 13  5 19 71 17 14 65  3 16 27  4  9 46 12 10 95  6 20 30  9  1 76 14 18 21 19  8 51  1  4  2 15  7 34
 7  7 20 15 16 85 17 14 32  8 11 75 14  4 18  4 15 38 19 12 48 18 20 78 11 10 60 13  9 78  3  1 73  2  2 31  6  6 32 10 17 33 20  3 15  1 13  9  9  5 35 12  8 37 16 18 51  5 19 16
18  1 24 15 15 51 12  3 17 16 16 93 14 20 43  5 10 16  2 14 32 17  2 84  3  7 42 10 19 30  6 11  1 13  9 50  9  5 71  8 17 37 19 12 70 20 18 95  7  4 67  4 13 92 11  6 70  1  8 52
15 20 98 10 10 47 12 18 73 18 14 80 14  5 52 19  9 47 11  1 34  2  7 75  1 16 14  5  3 60 13  2 77  7 15 25  4  8 43  8  6 63  6 19 19 16 13 67  9  4 44 20 17 13 17 11  1  3 12 36
12  1 39  3 15 41 15 12 11 19  9 97 16 18 44  2  5 22  1 16 30 17 19 92 11 14 37  7 10 57  5  3 61  4  7 17 18 11 15  6  4 31  9  6 79 10 17 32 13 13 58 14  8 83 20  2 21  8 20  1
16 15 76  1  1 86  2 17 75 13 16 49  3  3 73  9 11 67  5 19 34 20  7 41  8  9 98 10 10 21  6  6  3 14  2  6 18 12 67 15 20 51 17 13 27 11  8 26  4  5 68 19 18 34 12 14 20  7  4  5
15 16 67 10 12 50 13  6 15 16  8 87 19 19 28  1  4 61  9  7 32 12 17 83  3 10 95 20 15 40 17  3 37 14 11 89 18  1 97  7 18 20  4  9 12  8  5 30  5 14 21  2 13 29  6  2 16 11 20 18
15  9 19 18  8 56  9 11 34 20  5 28 14 15  9  5  2 63 17  3 79  4 14 46 13 13 68  7  6 24  2 17 55 11 20 92 19 12 76  6  1 52 10 16 58  8 18  5 12  4 95 16 19 96  3  7 12  1 10 66
18  2 25  1 15 81 14  8  2  2  1 69 13 11 56 15 14 25 10  7 55 17  3 27  9 12 16  8 19  9 20 17 18  6 20 58  4  9  3  3 18 78  5  6 15  7 10 26 16  4  1 12 13 28 11 16 81 19  5 89
13 12 15 15  8 10 17 18 70 19  3 72  2 11 80  5  9 66  1 19  7  7  4 27  6 15 64  3 16 58 12 20 26 14 10 18  8  6 14 10  1 40 16  7 22  4  5  6  9 17  9 20 14  9 11  2 92 18 13 48
 8 10 81  5  7 39 10 14  3  6  2 43 14  1 58  9  6 26  3  5 41 11  3 20  2 20 96 13  4 78 17  8 64  4 13 40 20 16 36  7 18 98  1 15 23 19 12  5 18 17 56 12 11 91 16  9 30 15 19 36
20  9 45  5 17 91  6 20 33 14 12 42  8 15 13  4  2  3 11  7  5  9 11 12 10 19 54 13  6 50  7 16 42 18 18 93 15  3 52 12 14 35 19  4 28  1  1  1 16 10 91 17  8 65  3  5 90  2 13 65
 5 13 40 13  6 60 18  5 48 17 10 37  3 11 27 11  4 42 15 14 76 19  2 25  9  7 43  8 16 64 14  8 13  4 12 90  7 15 30  6 18  8  2 19  9 10 17 49  1  1 36 16  3 68 20  9 82 12 20 90
15  9 85 20  4  9  3 20 25 17 11 15  1  6 16 10  3 87 11 16 44 12 14 86 18  2 98 14  5 64  8 19 13  4 10 76  2  7 74  5  1 54 13  8 61 16 13 62  7 15 89 19 17 80  9 18 72  6 12 92
19 19 82 11 18 22  8  3 36 17 17 30 15  2 14 12  8  4  4 15 24 14  6  4  5 10 20 16 14 34 18  9 59  1  5 61  2 11 23 13  1 88  9  7 94  7 20 46 20 16 54 10 12 13  3  4 90  6 13 70
 7  7 48 14 14  4  8  2 60 15 17 58  1  5 55  6 16 79  2 18 73 10  9 83 17 19 21  3  8  8 12  6 45 11 15 16 16  3 63 20 13 50  4 20 14 13  1 53 19 10 69  9 12 72 18  4 17  5 11 87
 5  6 28 10 11 54 19 14  8  1  7 53 18  8 82 12 10 38  8  5  8 17 13 30  6 12 50  4  9 61  9  1 87 20  4 21 16  3 35  7  2  8  3 17 96 15 18 55 11 16 85 13 19 29 14 15 91  2 20 29
 7  1 36  8 12  1  6 18 33  2  5 50 20  3 84  5  9 17 14  7 92  1 10 48 18 16 47 16 14 88 10  2 38 19 20 65  4 13 71  9 17 41 15 19 15  3  4 29 11  8 63 17  6 93 12 15 77 13 11 80
 5  5 44  7  3 33 13 13  4  8 10 66 18 19 10 17  1 12 15 15 12 14  9 13  9 12 26  4 14 76 20 16 92 19 17 69 16  2 23  1  8  1  3 11 94 12 20 95  6  4 57 11  7  7  2 18 10 10  6 50
 2 15 76 15  6 24 20 19 34  4 12 81 10 17 52 11 13 47  7 20 54 13 14  5  8  1 22 16  4 71  5 18 63  1  3 99 12  7  9  6 11 19 18 10 69  9  9 81 14 16 91 17  8 82 19  5 67  3  2 76
12 15 49 16  4 98  9 12 65 15  8 49  8 18 93  7  2  6 11 11 11  4 16 47  1 14 45 17 13 49  6  6 85 18 17 66 10  5 34  5  9 84  2 20  9  3  3 62 20  7 70 19  1 21 14 10 54 13 19 18
18  6 44 20 18 89  9  3 56  7  5 91 15  4 82 10  2 11 19  9 91 12 14 30  6 13 27  2  7  2  4  1 81 16 16  1 13  8 69 11 15 42  5 20 88  8 17 11 17 11 80 14 10 96  3 12 82  1 19 97
16  7 62 13 12 94 14  3 16 15 13  8 10  2 14 11 11  7  4  4 61 17 18 91 12 17 58  5  8 28  7 10 67  3 14 73 18 20 75 19  1 15  1  5 60  8 19 92  2 15 47 20  6 23  9  9  3  6 16 13
13  5 50  5  4 48  3 15 80 19  7 88  1  2 48 16 16 99 10 11 45 17  9 83  2 12 74 12 10 11 20 13 86 11  1 25  9  6 79 15  3 84  7 19 94 18 18 83  8 14 17  4  8 50  6 17 41 14 20  3
 4  3 53 14 14 27 15  2 64 16 20 70 20  6 54 11 10 24  5  1 15  2  7 11  6  5 56  9  4 59  7 15 66  8 19 37 17 18  4 10 11 95 13  8 36  3 17 86 12  9 44  1 12 18 18 13 80 19 16 54
20 13 80  4  2 51 14 12 52  3 15 53  2 17 21 15  4 27  1  7 13  9  6 25 13 10 26 16 14 87  6  9  7 18  1 53 19  5 99 12 19  6 17 16 99 11 18 37  8  8 77 10 11 35  7  3 86  5 20 75
 6  2 30 11 13 44  3 14 75  1 17 83 10  5 86 12  4 18 14  7 58 16 12 17  8 15 18 13 19 11  2  8 60 19  3 19 20 10 72 18 16  9  9 18 12  4  9 81 17 11 47  7  6 19 15  1 66  5 20 36
13  3 15  7  8 30  6 13 64 15  6 78 19  9 57 17 17 82 16  7 24  1 18 76 14 12 78 12 20 14 20 15 15  5 14  5 10 16 34 11  4 49  9  2 17  2 10 98  3 11 95  4  1 69 18 19 35  8  5 68
 4  5 83 13 12 78  1  2 22 14  4 74  7 10 81 10 16 12 15 15 26 20  1 76  8  7 21  9 17  3 19  6 90  5 13 28 16  9 68 11 20 25 12  3 67  2 11 10  6 19 98 18 18 19  3 14 59 17  8 66
 4  1 23 20 17 46 14 13 29  7  6 31 18  9 54 13 18 77 10  8 76 12 15 22 16 11 70  8  4 39 15  3 27 17 19 81  5 16 49  2 10  5  9  5  5 19  2 60  6 20 79  1  7 36 11 12 94  3 14 63
 4  9 34  6 19 38  8 20 22 10  6 85  7 15 80  3 18 85 18  8 87 19  7 30  9  2 40 20 17 72 13 14 52  2  4 94  5  3 39 11 10 74 14 16 71  1  5 76 17  1 50 15 12 27 12 11 67 16 13 66
 5  1 26  8 16 75 15 10 25  4 15 14 14 18 65  9  6 80  2 20 80 12  7 68 16 17 56  3  8  2 10  9 87 17  3 57 11 12 39 18  4 81 13 19  7 19  2 50  6 14 91  7  5 96  1 13 35 20 11 36
16  5 70 15  1 65 12 12 69 14 13 81 19 17 99  5 11 37  1 10 80 20  7 33 17 16 48  8 20  1 10 18 82  9  3 38  3  2 43 11  6 77 13 14 80  7 15 16  6  9 43  2  4 86  4 19 18 18  8 94
14 18 57  4 19 74  1  8 94 10  5 54 16 12 55  7 16 52 15  9 49 18 13 29  3  2 95 17 14 34 20  1 33  6  7 92  2 17 50 12  3 93  9 20 30  5 15 63 19  6 18 11  4 87 13 10 55  8 11 26
17  6 92  4 20 43  8  2 67  5 18 42 15  8 76 13  5 57 12  9 48 10  1 67 14 15 98 19 16 28  2 13  4 20 11  8  7 12  1 11 14 70 16  3 89  9 10  1  1  7 69  6  4 51 18 17 46  3 19 18
10  8 53  7  4 55  1  7 47  8 13 98  6 10 69  4 12 88 11 16 57 17  2 39 12 19 74 13 14 14  2 18 48  3 20 15 19 11 48 18  1 50 16 17 44  5 15 45 14  9 13  9  3 58 15  6  3 20  5  2
17  4  6  5 10 31  4  5 60  3  7  4  2 14 86 11 11 87  6  1 13  8 15 36 14 16  8 15  3 89 20 19 95 10  2  4 12  9 83  9 18 80 18 17 22 13  8 16  1 13 46 19  6 42 16 12 75  7 20 36
 1 18 97 13 13 66 12 14 71 20 10 13  7  7 82 15  3 64  4  5  5 14  1 15 11  4 62  5  8 69  6  6 14 10 15 91  3 16 29 19  2 48  8 20 34 16 17 12  2 11 72 17 12 75  9 19 70 18  9 22
14  5 72 13 13 80 19  8 77 17  3 10 16  9 94 11 19 85  4 11 10  9 15  4 20  2 42 12  7 80 18 18 39  5 16 81  7 17 77  3  6 16  6  4 13 15  1 66  1 10 28  2 14 85 10 20 42  8 12 59
11 17  3 19  4 85  7 13 24 15  3 74  8 20 74  2 12 27 13 11 19 10  2 14  9  6 60 18 16 58 17  7 21 12 10 48  1 19 54 20  5 63 16  1 82  5 14  1  4  9 15  3 15 37  6  8 81 14 18 87
13 18 42  8  9 36  2 16 33 19  6 18  7 10 61  5 11 78 12  7 70  9  5 97 17  2 81 11 17  3 18  1 52  6  4 60  3 14 53  1 19 59  4 20  3 16  8 49 10 13 35 14 15 91 20 12 40 15  3 65
 7  2 13  5 14 71 15  4 19  1  3 27 20 13 87 11  9 86  4  7 17  3  8 32  8  6 88 13 19 60 17 20 57 14 17 52 18 15 48 19  5 22 16 16 77  2  1 10  6 18 11 10 12 78 12 10 53  9 11 32
15  8 54 13  6  6 11  7 13 17 16  6  1 15 73  7 10 84 12 19 78  3 14 54  9 20 74 20 12  6 16 18  1  4 11  4  6 13 23  5  1 95 18  5  7 14  3 37 19  9 64  2 17 34 10  4 90  8  2 32
 6 13 79 19  6  2  5 11 34  7 19 33  4  9 90  8  4  8 11 18 24 14  8 71 15 16 95 16  2 43  9  1 83 12  7 74 10 10 71 20 17 53  2 14 64 13  3 15  1 15 46 17 20 43 18 12 46  3  5 72
 8 16 11 11  7 36  7  1 70  5 17 53  6  4  2  2 10 72 19  2 76 10  8 24  1  3 66 12 20 65 14 18 46  4 11 34 13  9 14  9 12 72 20 13 35  3  6 52 15 14 66 18  5 10 17 19 27 16 15 66
 1  9 96  7 20 22 16 14 94 10  5 20 12 11 50 17  2 86 15 19 73 14  8 79  9  3 46 18  6  7 19 13 70  8 16 26 11 17 85  4 10  3 13 12 85  2  4 71  5 15 45  6  1 10 20 18  9  3  7 16
14  3 81  1  7 89 19 18 36 18 12 62 20  6 57  6 17 31  3 20 23 11 13 54  4 11 85 16  9 37 10 15 85  2  8 36 15  1 56  8 10 28  5 19 78 13 16 71  9 14  1 17  4 48 12  5  4  7  2  7
14 13 50 16  2 59 19 20  8  1 16 41 17  9 44  8  3 30  3  8 85  4  6 66 12  1 57 10  7 47 15 12 44 11 15  5 20 19 83 18 11  7  9  5 61 13 14  1  7  4 48  2 10 59  6 18 24  5 17 48
 4 11  7 13 14 83 18  5 89  2  2 14  7 18 14  1 19 58  9  3  9  8 10 27  6 16 17 15 17 30  3  1 54 14  6 51 12  8 47 16  9 13 20 12 45 10 20 13 17 13 86 19  4 48 11 15  1  5  7 34
 4  3 39 15 15 50  7  2 52 17 19 67 16  4  7  5  7 75 10  6 68  3 16 31 20  5  4 12 12 31 19  1 54 18 10 29  2 20 89  8 18 59  1 17  6  9 13 88  6  8  8 11 11 77 14 14 17 13  9 88
 4 13 67 13  5 45 19 18 17 15 16 51  8 12 96 17 10 63  7  2 48  3 17 47 14 20 57 11 11 37 18  9 89  2  1 14  6  4 79  9  6 83  5 15 17  1  3 54 10 19 26 20  8 76 16  7  9 12 14 54
 7 19 43  4  8 60 11 20 11 20 17 59  5 18  8 14  5 82  8  9 70  9 12 19 16 16 44 13  3 20 15  1  9 18 13 89  1 10  1  6  4 27  3  7 40 19 11 94  2  2 44 12 14 81 10 15 24 17  6 41
15  9 83 12  1 12 20 14 56 19  8 70  6  3 21 14 20 93  2  7 67  8  5 61  4 19 18 17  4 33  1 15 57 11 11 68 18 17 41 13  6 83  7 12  6  3  2 39  9 13 46 16 18 72 10 16 38  5 10  6
10 20 68  3  3 26  6  7  5  7  9 52 16  8 10 18  2 91 17 18 47 11 11 81  9  4 78 19 16 30  4 10  9  5 12 43  1 14 34  8 17 14 20 13  1 13 19 69 15  5 45 14  1 34  2  6 49 12 15 52
 3 15 94  6  5 88 11  1 79  8  4 11  5 13 61 14  3 63  2 18 21  1 14 22 10 16 90 17 20  8  4 19 99  9 17 40 16  2 82 12  9 69 20  7 56 19 11 48 13 12 88  7  8 19 18  6 97 15 10 31
 5 19 20  4 10 77 20 15 80 14  2 84 11 13 65 18  9 58 17  6 10  8 14 28  7  8 68 15 11 72  1 17 84  3  7  3 19 12 41  6 16 42  9  1 87  2 18 94 10  5 19 12 20 77 13  4 74 16  3 60
20 16 74  6 19 59 13  3 89 14 14 42  9  6 25 15  8 92  7 17 90 18 11 45  4  5 16  1  2 54  8 10 74 17 20 42 11  4 68  5  1 52 19  9 46  2 13 91 12 12 58 16  7 16  3 18 36 10 15 16
 9  1 31 15 19  5 14  5  5  5  2 34 17 15  2 16 12 44  2 10 27 19  3 36  8 11 39  4  4 70 10 14 77 18 13 34 20  7 14  1  6 68 11  8 18  7 17 12  3 20 18 12  9 99  6 16 66 13 18 82
 8 13 12  2 16 26 17 14 58 20  4 75 18  6  9  3 15 65 10  7 72  4 10 63 11 18 20 13  1 91 12  9 98  6  5  4  9 19 20  5  3 61  1 17 89 14 11 34 16 20 53  7  2 20 15 12 93 19  8 79
19  7 60 16 18 76  9  4 33  3  9 58  7 20 65 17 11 45 11  8 48 13 14 12  8 16 39 12  1 26 10 12 33  5 19 73 20 17 31 15 10 85  6  6 94  2 13 17  4  5 18 14  3 82  1 15 51 18  2 73
14 14 63 15  1 23 10  4 46  1 19 98 16  5 64  2 18 96 18 11 92 11  8 74 17 13 59  6 10 71  8  7 86  5 15  8 13  3 73 12 12 11  3 16 32 19  9 30  7 20 51  4  6 76  9 17 43 20  2  6
 4 20 80 17 10 56 11 18 12 16 13 46  1  1 52 15 16 80 10  8 72  7 15 37  5 11 36  6  3 28 19  6 59  8 14  4  2 19 98 14  2 67 20 17 65  9  7 78 13 12 60  3  9 38 18  4 57 12  5 97
 7  7 64  1  8 41 14 14 50 12 18 27  6 17 49  5 19 70 19 12 88 11  5 84 15  2 17  9 20 33 13 13 63  3  4 35  2 11 97  8 15 85 16  3 32 18 10 34 17  1 70 10 16 19 20  9 23  4  6 26
16  5 20  2 18 14 11  7 39  1 15 56  8 16 74 19 14 55 15  4  5 17  3 75 20 19 78  4  1 54  7  9  9 10 11 56 14  6 60  5 17 46  9 13 90 18  2 37 12  8 40 13 10 48  3 20 39  6 12 74
14  1 16  7 19 16  3 16 50  2  6 52  1  9 90 13 18 30 20  2 10  5 17 37  8 11 31 19  7 97 11 14 35  4  3 93  9 20 73 10  8 97 16 13 67 18 10 60 15  4 98 12 12 17 17  5 62  6 15 94
17 18 72 14 12 75 13  7 97  8 17 92  6  3  9 15  4 55  2  9  4  4 15 10 18 13  4 10 20 10 11 10  1  7  5 91  9 19 63 20 14 79 16  8 49  5  1 58 19 16 99 12  6 20  3 11 96  1  2 61
20 16 97  6 15 57  3  9 27 11 10 22  5  5 85  8  6 92 12 20 42 17  7 40 19  1 94 14 19 96 15  4 85  9  3 60  7  8 56  4 11  2  1 12 56 13  2 14  2 14 42 16 13 24 18 18 93 10 17 10
12  3 39  9  1 67 15  4 95 10 19 96  3  2 12 19 20 34 13 12  9  8  9 59 11 18 78 16 13 68  2 14 40  6  5 67 14 17 49 17 15 81  4  7 34  5 10 67 18 16 10  7  6 59  1  8 33 20 11 46