15 15 15
 7  2 94 13  6 66  5  1 10  8  4 53  4 13 26  3  7 15 11  3 65 12  5 82  9  8 10 15 10 27 10 14 93 14 15 92  6  9 96  1 12 70  2 11 83
 5  4 74  6 10 31  8 14 88 15  3 51 14 13 57  9 11 78 12  9  8 10  7  7  7 12 91 11  1 79  1  8 18  4  2 51 13  5 18  2  6 99  3 15 33
 2  9  4  9 10 82 10  7 40 13 15 86  7  6 50 12  1 54 14  2 21  6 14  6  1  4 54  3  5 68  8  8 82 11  3 20  5 13 39  4 12 35 15 11 68
 6  9 73  3  4 23 10 14 30  7  5 30 11 15 53  1 10 94 14  1 58  5  8 93  8  6 32 15  3 91 12 12 30  9 13 56 13  7 27  2  2 92  4 11  9
 8 10 78  9  6 23  7  3 21 11  1 60  5  2 36 10  5 29  3  9 95 15  4 99 13 15 79  6 14 76  2 11 93 14 13 42 12 12 52  1  7 42  4  8 96
 6  6 29  4  5 61 13 12 88 14  2 70 12  4 16  5 14 31 15 10 65  8  8 83  3 13 78  2 11 26 11  9 50  1 15 87 10  3 62  7  1 14  9  7 30
13 10 18  4  1 75  8  4 20  9 11  4 15  8 91  7  7 68  2  2 19 12 15 54  5 12 85  6  5 73  3 13 43 11  9 24  1  6 37 14  3 87 10 14 66
12  1 32  6  9 52  1 15  9  8 13 49 13  5 61 14 12 35 15 11 99  2 10 62  3  7  6  9  4 62  5  2  7  4  3 80 10  6  3  7  8 57 11 14  7
11 13 85 12  3 30  7 12 96 15  4 91  1  1 13  2  9 87  3  5 82  6  6 83 13  7 78  5  8 56  9 14 85  8 11  8 10  2 66 14 15 88  4 10 15
 7  5  5 12  3 59 10  9 30  3  4 60  9 14 41  1 10 17 14 11 66  4  7 89 11  1 78  8  8 88  2 13 69 13 15 45 15 12 82  5  6  6  6  2 13
 5  1 90  8 12 27 14 11  1  1  5  8  6  6 91 13  2 80  7  8 89  9 13 49 15  7 32 11 14 28  4  3 90  2 15 93 12  4  6 10  9 35  3 10 73
 3 10 47 15 12 43  1  4 75 13  6  8  7 13 51 11  8  3  8 14 84  6  2 34  9  9 28 10  5 60 14 11 69  2 15 45  4  1 67 12  3 58  5  7 87
 6  1 65  9 12 62 11  7 97  3  2 20  4  9 31  7  8 33 10  6 33  1 13 77 14 11 50  5  3 80  2 10 48 12 14 90 13 15 75  8  4 96 15  5 44
 9  3 28 15  2 21  5 14 51 14 15 75  6  9 17  7  7 89 10  4 59  2 11 56 13  6 63  8  1 18 12  5 17 11 13 30  4 10 16  3  8  7  1 12 35
11  3 57  9 15 16 13  9 42  7  6 34  5  4 37  2 10 26 14  8 68 15 14 73 12 12  5  1  5  8  8 11 12  4 13 87  3  7 83 10  1 20  6  2 97