15 15 15
10  4 15  2  2 50  8 13 70  6 10 84  1  3 68  5 11 40  7  1 18 12  7 82  3  6 75 11  8 71 14  5 36  4 14 96 15 15 61  9  9 57 13 12 22
14 13 42  9 14 11  4 15 19 10  2 22  3  8 18  8 10 93  5  9  5 12  1 38 11  4 35  1 11 24  2  6 69 15  7 61  7  5 41  6 12 56 13  3 62
11  2 46 15  7 10 12  6 86  3  1 19  7 15 35  5  4 21 10  9 84  1  8 20  8 14 50  6 13 48  2 11 84 14  5 99  9  3 86 13 10 64  4 12 10
 3 11  8 11  6 12 14  4 71 15 14  4 13  5 86  2  8 74  4 15  1  8 12 78  1  2 18  5  3 13 12  1 30 10  9 96  7  7 57  6 10 20  9 13 46
13  2 63  7  6 42 15 11 87 14 15 29 12 13 82 11  9 14  4  7 57  8 10 41  5 12 46  3  3 62 10 14 67  6  8 40  2  5 28  9  1 28  1  4 20
12  5 98  8  3 17  7  1 10  9  2 95  5 13 94  6 15  8  2  8 82  1 10 21 15 12 28 13  9 71 11  7 10  3 14 67 14  4 60  4  6 79 10 11 54
12 14 73  6  5 59  7 11 97  9  9 39  4  3 64  3  1 38 11  4 25  5 10  7 15  2 21  2  6 40  1 15 14 13 12 51  8  7 88 14  8 49 10 13 74
11 14 53 13 12 53  8  8 54  6 10 53 12  2 52  9 15  3 14  6 71  7  9 72  1  5 66 15  1 41 10 13 64  4  4  6  5 11  7  2  3 46  3  7 56
 7  6 30 11 12 70  9  4 22 13  3 53 14  9 55  1 10 92  5  7 54 12  5 41 15 15 39  2 11 49 10 14  9  3 13 11  4  2 31  8  1 69  6  8 27
 3  4 54  9  1 69 10 14 17  8  5  1  1  6 53  2 12 31 14 13 90  5  9  9 13  8  3 11  7 41  6  2 97 15 11 42 12 15 21  4  3 54  7 10 69
 7  6 65 11 13 13 12  9 77  3 11 79 14 10 29  8 14 41 10  5 20 15 12  7  1  4 18 13  7 99  9  1 26  5  2 98  2  8 92  4  3 48  6 15 66
 3  3 62  2  2 17 12  5 56  5 14 88 13 12 51 14 10 69 15  8 15  9 13 69 10 15 74  4  6 20  7  4 43  8  1 98 11  7 12  1  9 35  6 11 89
13  5  1 11 14 62  1 12 43  7  2 16  5  9 40 15  4 32  6  8 85 12 13 73  4 15 98  8  7 23  3  6  7 10  3 74 14 10 71  2  1 68  9 11 76
 4  6 26  2  7 71 10  3 51  3 11 82 11 14 35 12  2 83 14  8 81  8  5 20  7  9 26  6  4 24 15 12 12 13 10 90  1 15 28  9 13 85  5  1 17
 8 11 72  7 13 20  9  2  6  3 15 75  1  7 95 11  9 27 10 12 37 15 10 30  4  1 74  5  3 87 14 14 34 13  8 49  6  5 66  2  4 76 12  6 13