15 15 15
10  5 40 15 10  1  4  9 76 12 12 71  9  6 53 14  1 28  6  8 17  7  4  7 13 13  7  2  2 78 11  7 62  8 11 93  3  3 14  1 14 11  5 15 30
 5  8 84  6  6 84  4  7 55  8 13 39 13  5 82 11 12 60 15  9 74  1 15  2  3  2 90 14  4 33  2  1 87  9 10 81 12 11 39 10 14 15  7  3 87
 6  6 93  1  3 73  5  8 88  7 14 29  4 10 16 12  1 96 10  2 43 15 15 89  3 12 43  2  4 97  8  7 41 14  5 93 11  9 84  9 11 87 13 13 75
 5  6 58  4  9 58 11  2 53  7  8 32 12 10 73 13 15 34 15  7  5 10 11 74  9  4 46  3 13 98  8 12 47  6  1 60  1  3 81  2 14  5 14  5 57
 5 11 79 12  7 38  9  6 30 15 14 98  4 13 37  8  9 68 10  3 58 11 15 96  2  2 16  7  5 80  3 12 21 13  1 29 14  8 27  1  4 25  6 10 49
 7 13 60  3  7 83  9  1 18  4 10 45  8 12 64  5  5 79 14 11 42 13 15 84  1  2 15  6  8 13 12  3 77  2 14 66 11  6 15 15  9 17 10  4 12
 3  6 23 11 13 90  9 10 74  4  8 85  5  5 59  1 15 46  6  3 70 13 12 22 10  9 26 15  7 18  8  2  3  7  4 94  2  1 75 14 11 11 12 14 33
15  9 82 13  8 59  7 14 38  2 11 48 12  4  5  4  7 27 10  3 67 14  1 21 11  2  9  8 13 28  5  5 37  3 15 11  9 12  9  1  6 50  6 10 45
 2  1 82  9 10 61 12  6  6  8  9 14  6  2 99 10  5 39  4  7 53  3  3 73 15 12 96 14 11 58 13 15 50  5 13 86  7 14  2  1  4 34 11  8 28
 5  7 58 15 12 31 13 14 83  9  3 21  2  1 34 14 13 83 10 10 28 12  5 26  7 15 85  1  2 97 11  9 53  8  4 39  3 11 99  6  6 79  4  8 21
15 11 85  8  7 76  6 12 27  9  6  8  5 14 54 14 13 85 12 10 80  2  1 37 11  8 62 10  9 28 13  3 48  3 15 26  7  2 94  4  4 42  1  5  8
 1 15 94 15  1 99  9  7  2 14 12 95 11  9 19  5  4 93  6  6 61  8  8 78 10  3 84  4 10 93  2  2 59 12 14 63 13  5 46  3 13 25  7 11 19
10 13 97  8 15  9  7  4 29 13  8 16  6  3 24 12  2 40 11  5 56  9 11 44  4 10 23  2 12 56  1  9 88  5  1 78  3 14 89 15  7 46 14  6 87
 7 15 49 11  8  5  9 11 75  5  2 57  8 14 44 13  1  8 14  3 47 15 13 82  3 12 17  4  9 71 12  5 89  6  4 23 10 10 84  1  6 56  2  7 80
13  3 14 12  8 91 14  5 96  3  6 10  5  2 54  9  9 46  8 13 60  7 10 98 11  4 24  6  7 71  1  1 65  4 12 37 10 15 51 15 14 57  2 11 21