15 15 15
 7 13 15  9  5  9  3 14 89  2 11 93 10  1 66 15  7 18  1  3 27  8  6 54 13  4 16  6 15 58  4 12 58 11  2 41  5 10 67 12  9 42 14  8 93
12  2 96 13 11 78 14  5  2  4  7 73  1 12  1  6 15  3  5 14  5 15 13 25  9  1  7  2 10 12  8  8 46 11  3  4 10  4 75  3  6  2  7  9 38
14  2 31 10 15 24  6 10 59  5  9 67 15  4 42  1  1 97 12 13 56  9 11 20  2  8 98  8  3 56 11  6 25  3 14 57  4  7 95 13  5 42  7 12 33
 8  1 48  6  9 45 12 15 10 14 14 18 10 12 48 11 10 96  3  4 46 15  8 45  5 11 64 13  3 73  2  7 20  1  6 69  7  5 40  9 13 10  4  2  7
 4 13 98  5 15 98  6 10 45  7  7 15 11 14 10  1  8 49 12 11 55 13  6 66  8  9 63 15  3 37  3  4  2  2 12 78  9  2 84 10  5 64 14  1 38
 9  6 85 12 15 27  4 10 48  8 11 75  5  9 41  2  7 36 10  4 58  7  8 92 15  3 93 11 13 75  6  1 53  3 14 89  1  2 38 14  5 24 13 12 57
12  3 96  6 13  5  8  4 38  2  5 88 15  7  4 13  6 91  7 14 42 11  8 67  1 12 62  4 15 78 10 11 30 14 10 34  3  9 88  5  2  2  9  1  1
 8 10 89 10  5 28 15  8 85 14  4  2  7  2 39  9 12 55  4  6  1 13  9 98  6  7 85  3 14 92 12 13 79  2  3 69  1 15 62  5 11 16 11  1 88
 1  9  1  4  8 66 11  4 98 12 13 14  2  2 51  6 12 30 10  6 35  5  7 30 14 11 74 13  3 31  3  5 90 15 14 59  7 10 57  9 15 68  8  1 16
13  9 65 11  5  8  7 15 15  2  6 79 14 14 30  5 12 26  4 10 90  9  3 88  1  8 35 15  4 90 12  1 35  6 11 74 10 13 97  8  7 28  3  2 33
 2  6 79  5  7 93 11  5 47 14 11 19 15 10 95  1  9 11  4  3 79  6 14 86 12 15 85 10 12 34  9 13 29 13  8 37  3  1 76  7  4 17  8  2 21
 9  9 73  1  3 70 15  8 87 13  7 92 14 15  2  8  6 58  7  2 15 12  4 74  3  1 82  5 14 74  2 12 94 11 13 45  4 11 42 10  5 30  6 10 84
 8  3 61  9  5 18 11  2 17  2 15 97  1 12 42  4  1 84 10  9 71  3  7 62  7  4 74 15  6 32 13 14 11 12 13 65  6 11 22 14 10 21  5  8 14
10  4 37  1 13 34  2 14 63  7 15 16  6  5 45 13  1  3  9  8 29 15  3 52 11  6 49  4  7 63  3 12 27  8 10 67 14 11 19  5  2 38 12  9 81
 7 14 66  2 12 26  9 10 73 12  8 99  6  6  8 15  4 19 10  2 70  3 11 67 11  7 90  4 15 98  8  3 66  1  5 25 14  9 40  5 13 47 13  1 56