20 15 15
 9 14 25  6 11 16  3  8 70  8  1 55  5  6 45 12  5 92 13 15 55  4  4 66  2 12 18 15 13 23 10  9 21  1  3 18  7  7 47 14  2 85 11 10 62
 5 11 75  4  9 39  2 12 78  6  7 24 13  8 38 15  4 77 14  2 15  8  6  5  9 14 56 12 15 38  3 13 75  7  5 59 10  1 45 11  3 13  1 10 50
11  3 19 14  8  5  6  1 98  1  7 52 15  4 67  7 13 98 10 15 13 12  5 81  4  2 39  5 14 44  2 12 81  9  6  1  3  9 21  8 11 86 13 10 39
 4 11  8  1  3  6 11 15 85  3  6 45 13 10 63 10 14 41  6  9 55 12  1 55  9  8 31  8  4 75  7  5 14  5  7 57 14 12  5  2 13  3 15  2 97
10  1 53 15  6 85 12  8 88  7  9 74  6 14 15  1 10 21  8 11 42  5  2 56 11 13 56  2  3 44  9 15 83  4  7 52 13 12 79  3  4 98 14  5 57
 8  6 69 12 11 81  9  9 81  4  3 62 13 13 80  2 10  3 14  2 38  1  5 62 15  4 54  7 14 66 10  1 88  5 15 82  3 12  3 11  7 12  6  8 88
13  5 83  2 10 51 12  2 47 10  8 15  7  4 89  4 13 76  3  3 52  5 11 18  6 12 22  9 14 85 14 15 26 15  1 30 11  7  5  1  6 89  8  9 22
 2  7 62  3  9 47 10  3 93  1 13 54  4 11 38  6 14 78  9  5 71  5  6 96 15  8 19 11  4 33 13  1 44 14 12 71  8 10 90  7  2  9 12 15 21
14  6 33 11  2 82  7 14 80  3 10 30 15 13 96  8  3 31  5  9 11 12  4 26  1 11 41  6 12 55 10  5 12  4  7 10  9 15 92  2  1  3 13  8 75
 2  5 36  9  6 49  5  7 10 15  9 43  7  1 69  6  4 72  4 15 19  3 10 65 10 11 37 11 14 57 14 13 32  8 12 11 12  8 73  1  3 89 13  2 12
 6 12 83 15 14 32  3  1  6 13  5 13 11 11 87  2  9 94 12  8 36  5  6 76  7 10 46 10  2 30  1  4 56 14  7 62  9 13 32  4  3 52  8 15 72
 6 14 29  3 11 78  1 12 21  2  2 27  9  1 17 15  6 43 12  4 14 11  9 15  8  8 16 10  3 49  7 15 72 13 10 19  5  5 99 14  7 38  4 13 64
 5  6 12  8 11 74 11  4  4  2  7  3 10 13 15  9  9 62  3  3 50 15 14 38 12 10 49  4  8 25  6  1 18  7  2 55 14 15  5 13  5 71  1 12 27
15  3 69 12 12 13  1 11 33 10  1 47 11  6 86  6 14 31  4  4 97 13 13 48  9  5 25 14  8 40  7  9 94  2 15 22  8 10 61  3  2 59  5  7 16
10 12 27  1  9  4  4  4 35 11  7 80 13  5 49 14 11 46  6 10 84  2  2 46  7  3 96 15  8 72  9 15 18 12 14 23  3 13 96  8  6 74  5  1 23
 8 14 36  3 11 17  2  8 81 13  6 67  4  4 47 15  3  5  5  2 51  7  1 23  6  5 82 10  9 35  9 13 96 14  7  7 11 10 54  1 15 92 12 12 38
 1 14 78  9  6 58 15  2 62 13 12 43 10  7  1  6  5 56  7 11 76 11  9 49  8  3 80 12  1 26  4 13 79  5 10  9  2  4 24 14 15 24  3  8 42
 9  1 38 13 11 86 11 10 38 12  4 38 15  8 83  4 15 36  7 14 11  2  2 17  5 13 99  6  3 14  1 12 57 10  9 64 14  7 58  3  6 96  8  5 17
14  8 10  3  1 86 12  9 93  1 10 63 15 13 61 11  7 62  4 14 75  2  2 90 13  5 40  5  6 77  6 12  8  7  3 27  8 15 96 10 11 69  9  4 64
 2  5 73 14  9 12  1 11 14 12  7 71  3  6  3 11  2 47  5  8 84  9  3 84  4  1 53  6 13 58  8 15 95  7 14 87 10 10 90 13  4 68 15 12 75