20 15 15
 1  6 59  4  9 12  2 12 76  5  1 89  7 10 84 13 13 19 10  2 63 15  8  5  8 11 39 14 15 34  6  5 50  3 14 84 11  3 39  9  7 38 12  4 85
 5  1 88  3  9 21 14 13 47  6 12 53 10 15 32 15  6 22  2  5 98 12 14 64  7  8 98  8  2 16  1  4 83 11  7 49 13  3 48  9 11 65  4 10 28
11 14 22  4 13 43 14  3 84  3  7 47 10 15 28  7  9 48 15 10 74  9 12 97  5  6 54  6  4 88  1  1 20 12  5 72  8  8 47  2 11 24 13  2 56
11 15 59  3 11 97 10 14 35 12  2 86 13  7 51  6  1 20  1 12 69  7  8 35  2 10 36 14  4 42 15  3 69  9  6 12  5  5 55  4 13 21  8  9 99
 7  8 39  8  2 15  3 10 24  4 11 16  5 15 54 10  6 43 13  5 12 11 12 57 14  7 77  6  4 80  2 13  4  1 14 25  9  1 46 15  9 37 12  3 74
 7 14 91  4  1 31  6  3 45 15  5 51 14 11 12  9  9 50 11  6 41  5  7 31 12 10 81 10 13 10 13 15  6  1  4 36  8 12  3  2  2 42  3  8 86
 1  7 37 11  1 16 13 14 36  4 13 66  8  5 58  2 11 22 10 10 18 12 15 40 14  9 81  7 12 24  5  2 36  6  8 20 15  6 29  9  4 61  3  3 70
 3 10 11 10  8 64  7  7 83 11  6 82  5  3 60 14  9 42  8  1 53 12 11  8  1 12 39  6  5 77 13  2 83  9 14 80 15  4  5  4 13 92  2 15 53
 3 12 99  6  9 86  8  4 57 13 11 55 12  5 89  5  3 48  1  1 82  2  7 14 15  8 37 11 14 87 14 10 77  9 13  5  7  2 28  4  6 18 10 15 28
 4 11 79 13  4 21 14  3 18 12  7 82  2  5 83 11  2 89  3  9 50  5  8 94  7  1 59  9 15 64 15 10 42  6 14 45  1  6 69  8 12 33 10 13 61
 1  3 53  3 13 79 13  8  5  4 15 65  5 12 39 14  1 86 12  9 68 10  6 17  8  5 61  7 11 74 11  7 65  9 10 17 15  2  5  6  4  3  2 14  4
15  8 37 12  5 20  1 13 22  2  9 60 13  2  5  3 12 30  4 14 42 10  3 30 14  4  5  8  1 52  6 15  4 11  7 69  9 11 89  5  6 97  7 10  9
 5  6 44  2  2 14  7 12 22 10 15 29 11 11 98 12  8 20  1 10 47 15  7 70  8  4 70  9  3 76  6 13  7 13 14 46  4  9 60 14  1 96  3  5 50
 8  3 18  5  7 91  3 10 89  1  1 64 11  4 34 13 14 82 14  2 73  4  6 94  2  9  2 12 15 21 10  8 48  9  5 51  7 13 85 15 11 85  6 12 17
13 13 44 14  9 47 10  5 62  6 12 96  2  1 54  1  7 69  9 15 35 15  2 54  7  3 76  3  8 61 11  6 85 12  4  9  5 11 47  4 14 58  8 10 87
 2  1 70  6 10  6  1 12 30 13  2 31  7  6 73  5  7 43 12  9 28  4 11 31 11  8 85  9 13 72  3 14 38  8  3 58 15 15 16 10  5 34 14  4 14
12 12 85  1 15  4 11 10  2  5  1 75 15  7 77  3 13 30  8  9 88 10  6 84  6  8 66  2 14 86 14  2 28  9 11  8 13  3  4  4  5 18  7  4 40
 6  9  1 12  6 40 10 13  6  5 12 36 13  5 26  9  8 35  8  1 76  3 15 46 15 10 77  2  2 52 14  7  1 11 11 44  4 14 18  7  3 52  1  4 70
 7  2 40 11 11 47 12 13 18  9  4 38  4  3 13 15  6 43  6 12 51  1 15 31 14 10 77  3  1 21  2  7  6 10  9 32 13 14 26  5  5 12  8  8  1
 6  4  1 10  3 15  3  7 26  8 13 71 12 14 69  2 10 89  4  5 93 11  1 63  5 12 42 13 15 18  1  8  1  7  9 32 14  2 11 15 11 94  9  6 69