20 20 20
12  7 94  7  4 10 11  1 34  2 11 72 16  5 97 14 14 33  1  8 54  8  6 31 19  2 18  9 18 13 17 15 52  4 17 21 20 12 69 13 19 35  3 16 19 10 20 11 18  3 91 15  9 63  6 13 37  5 10 47
 2  9  9 18 12 14 16 10 27 13  3 20  3 11 11 10 20  2 15  8 77  1 19 95 14 13 99 12  4 46 19  2  1 11 18 18  6  6  2 20 16 17  8 14 34  9  1 13  5 17 71  7  5 82 17  7 94  4 15  8
 7 16 28 20  9 85 19  6  4 15 12 31 16 18 35 10 19 33 18 17 21  8 14 87  3  7 94 11  8 83  4 10  5  9  2 50  1  3 85  6  4 73 12 11 36  5 15 56 17 20 40  2 13 80 13  1 67 14  5 16
13  6 66 11  7 56  4  1 67 16 14 74  9  8 75  8  3 94  7  2 74 15 10 97  1 16 74 10  4 43 12 18 63  5  5 18 19 20 98 18 12 98  3 15 80  2 19 48 14 13 65 20 11 66 17 17 45  6  9  3
20  5 61  3 14  8  9  9 24 12 13 29 19  4  1 13  2 58 16 19 58 11 20 56 14 10 42  4 17  8  5  8 17  1 12 69  7 11 67 18  7 64 17 15 27 10 16 13  2  1 76  8  6 75  6  3  9 15 18 93
14  9 86 16 12 53  7  7 38  6  8 49 18 11 61 12 16 63  9 17  5 11  3  1  8 10  2 20 18 29  5 14  6 17  2 54  3 19 74  4  6  4 13 20 30  1 13 60  2  5 64 15 15 63 19  1 82 10  4 87
 5 20 36 17  2 25 13 12  7 19  3 72 18  9 49  8  8 22 11  7  5  1 15 97 12 17 80  3  1 27  7  5 43  6 11 25 10  4 10 20 16 74  2 18 81  9 13  8  4 19 26 15 14 83 16 10 53 14  6 83
18  8 37  2  5 72 12  9 32  3 10 19  8 19 24 19 12 48 15  6 42 13 14 81  1  7 91 11  1 95 16  2 98  6 18 22  5 20 79 14 11 91 17 13 71 20 16 78 10 17 71  4  3 48  9 15 59  7  4 84
 3  5 37  1 17 63 15  9 60  7  8 62 11 13 91 19  7 13 16 14 16 18 10  5 17  3 99  2 15  6  5 18 81  6 19 80 14 20 66  9  1 92 10  2 23 20  4 67  4 11 36  8 12 27 12 16 81 13  6 57
 3 19 52  8 13 53 12  4 26  4 17 51  1 20 12 13 10 25  7 12 25 14  9 46 20  5 96  9 16 72  5 15 52  2  2 71 18 18 16 11  8 30 15  6 89  6  7 94 10  1 14 16  3 57 17 11 13 19 14  8
 1 15 44 10  2 36  8  5 38 13 14 61 15  6 84 11  9 74  3 16  5 14 12 28 20 10 86 12 17 43 17 20 40  9 18  4  4  3 89 19  4 67  7 13 92  5 19 82  2  8 22  6  7 15 18 11 55 16  1 31
13 20 13  7  1 86  8 13 30 19  3 39  2 14 95 18  8 83 12  5 92 17 17 14 14 12 48 10 15 34  9 11 66  4 16 72 15  2 57 20 10 48  6  6 14 16 18 23  5 19 22  3  4 24 11  7 93  1  9 80
 9 18 15  8 16 47 12 14 77 11  1 64 19  6 76 20 12 40  7 19 91  3  7  4 10 10 70 17 17 75 13  4 82 16  2 88  4  9 79  6 13 97 14  3 60  5  5 45  2  8 50  1 15 76 18 11 91 15 20 91
 1  6 11 12 20 87 13 16 53  6 15 23  5 19  5 18  4 80 16  7 95  3  5 84 19  9 93  7 12 33 11 17 25  9  8 21  4  1 65  8 14 71  2 11  3 15  3 65 10  2 14 17 13  8 14 10 36 20 18 23
18  7 21  1 12  2  2 11  8 15  8 50 17 19 21  6  3  9 10  5 77 12 17 48  8  1 29 20 10 40 19  6 40  3 20 73  5  9 32  7 16 18 11 14 34 13 13 16 14  4 66 16 18 27  4 15 54  9  2 72
12 16  5 14  2 83  9 18 98 15  6 97  8 14 81 16 20 31 11 12 38  6 17 52  1  3 91 10  7 77 20  1 23 18  8 27  4 19 95 13  9 85 17 11 42 19 13 26  3 10  7  7 15 83  2  4 98  5  5 40
16  4  8 10 13 41  8 12 16  2 11 34  3  2  9  7 17  8 11  1 16  6  7 96 14 10 39  9 20 91  1  5 26  5 16 17 20 15  4 12  9 89  4  6 92 15 18 74 18  8 54 19  3 89 13 14 78 17 19 10
15 10 64 11  8 91  7 20 78 20 11 75 18  7 17  6 12 71 12  5 91  1 19 44 14 16 95  3  6 51 19  2 81  5 14 89  2  9 38  4  1 61 10 18 61  8  3 36 16 13 66 17 15 14 13  4 38  9 17  5
 5  1 75 20 11 52 14  9 26 19 19 82 12  6 53 17 20 21  6 13 64 15 15 93  3  5 11 18 12 36  4  3 13 16  8 42 11  7 56  7 14 81 10  4  6  1  2 30  2 16 20  9 18 57 13 10 40  8 17 92
 3  1 92 13  2 37  1  5  9  2 11 81 17  8 74  7 16 55 19 17 34  5 18 34  6  7 35  4 12 14 10  4 55 12 19 86 16  3 94  9  6 86 18 20  9 20 14 53 11 10 33 15 15 84  8  9 80 14 13 95