30 20 20
 9  3 94 17  7 66  6  2 10 10  4 53  4 17 26  1  8 15 14  1 65  7  5 82  5 16 10 19 11 27 20  6 93 18 19 92 16 13 96  3 18 70 11 15 83  2 10 74 12 12 31  8 20 88 15 14 51 13  9 57
 8 11 78 12  6  8  9  5  7 11 13 91  3 17 79 17 10 18 20 15 51  5  8 18 15  1 99 19 12 33  2 16  4 16  3 82  6  7 40 10 20 86  4  9 50 14  2 54  7 18 21  1 14  6 18  4 54 13 19 68
 8 15 82  5 19 20 11  7 39  3 20 35  7  4 68  4 14 73  1  9 23 15  2 30 12 10 30 16  5 53  6  1 94 19  6 58 10 13 93 13 11 32 20  8 91 17 17 30 14 18 56 18 12 27  2  3 92  9 16  9
11 13 78 12  8 23  8  3 21 14  1 60  5  7 36 13  6 29  7 11 95 20 12 99 16 19 79  1 17 76  9  2 93 17 16 42  2 15 52  3 20 42  6  5 96 15 10 29 10 18 61  4 14 88 18  9 70 19  4 16
14 17 31 20  9 65  3  3 83 15 16 78 17  8 26  6 13 50  7 19 87  1  7 62 16 10 14 18  2 30 19  1 18 13 11 75  9  6 20 12 18  4  2 12 91  8  4 68 10 14 19 11 20 54  4 15 85  5  5 73
 6 10 43  5  3 24  7 17 37  3 19 87 14  9 66 17  6 32 11 14 52  1 20  9 13 18 49 18  1 61 19  2 35 20 16 99  4 15 62  8 12  6  2  5 62 10  7  7  9  8 80 15 11  3 12 13 57 16  4  7
14 17 85 15  4 30  9 15 96 20  2 91  2  1 13  5 10 87  8 16 82 16  6 83  7  5 78 12  7 56  6  9 85  1 18  8 13  3 66 10 19 88 17 13 15 18 11  5 19  8 59 11 14 30  4 12 60  3 20 41
 3 10 17 18 12 66  8  1 89  9 17 78  7  7 88 10  2 69 13 19 45 19  5 82  2 20  6  5 16 13  6 11 90 15 18 27 20  6  1 14 14  8 12  3 91  1  8 80 17  4 89  4  9 49 11 13 32 16 15 28
11  3 90 19 17 93 20 15  6 17 20 35 12  9 73  8  1 47  3  2 43  6  5 75 18 11  8  5 18 51 16 13  3 13 19 84  1  7 34 14 14 28 15 10 60  2 16 69  7  4 45  9  6 67  4  8 58 10 12 87
 8  1 65 12 16 62 15  9 97  3  2 20 13 11 31  7  3 33  2 10 33 11 17 77 18 13 50  1 15 80  9  7 48  6  8 90 14 20 75  4  4 96 20 12 44 10 14 28  5  5 21 16  6 51 17 18 75 19 19 17
 3  3 89  9 19 59 18 11 56 14  2 63 20 16 18 10 18 17  8  1 30 16 12 16  1 20  7  6  6 35 17  8 57  7  9 16 19 17 42 12 15 34 15  5 37 11 10 26  5 13 68  4  7 73  2 14  5 13  4  8
18  4 12 15  8 87  5  9 83 17  5 20 16 17 97 19 18 20  9 20 85  2  6 61  7 14  9 14  1 36 11  3 63 10 10 11 13 15 45 20  7 10  6 16 33  4  2  5  3 12 41 12 19 47  1 11  9  8 13 74
 6  6 33 10 14 35  7 15 78  8 11 12 12  7 22 17 16 44 15 10  8 18  2 97 20  1 10  5  8 86 16 17 33 19 19 60  2 12 21  1 20 96 13 13 69  4  3 34 11 18 94  3  4 15  9  5 23 14  9 84
 1  4 16  5 17 55  2  3 50 13  2  5 15 16 59  8  7 35 17 19 12 20 18 57 14 14 11 10  6 51  9 15 72  3 12 42 11 10  4 18  8 62  6  9 15 19 11 27  4  5 16  7 13 34 12 20  8 16  1 50
 1  7 85  3 12 12  7  3 48  9 11  5 19 10 25 11 13 40 18 18 81 13 20 46  4 15 67 15  8 25  5 17 83 16 16 92  2  2 25 10  4 40 14  6 21  6  9  4 17 14 43 20  1 38 12 19 60  8  5 24
20  2  3  8  4 28 19 17 86  6 15 68  4 13 55  5 10 91  3  1 97  1  7 19 12 16 73  7  8 20 18 19 28  9 14 81 10 18 46 11 12 98 17  6 46  2  3 29 14  9 96 13 20 12 16  5 71 15 11 32
 6 15 64 19  9 39  2 16 16  9 17 97  4  3 99  8 14 49 13  6 75 14 10  7 18 19 79 11 12 80 17 11 71 16  4  9  7 18 11  5 20  8 10  2  4 15  8 47  3 13 93 20  5 82  1  1  6 12  7 49
 8  2  7  6 13 24  5 14 92 20  6 13  7  5 86  9 10 80 11 20 34 18  1 75 16 12 35  2  3 29  3 17 60 15 18 20 10 16 48 19  7 46  4 19 57 12 15 73 17  8  8 13  9 45  1  4 90 14 11 84
15  7 12 19  5 53  1  2 81  8 18 96 17 16 18  9 13 88  3  9 84  2  4 38 13  8 73  6  6 60 20  3 39  5 15 50 10 12  5  4 20  9 12 17 63 14 10 18  7 19  9 11 14 51 18 11 93 16  1 57
13 17 82 19  4 46  7 20 38 11 18 58  2 11 86 17 14 49  9  1 45 20  7 37  3  9  9 15 19 95  4  8 82 10 13  6  1 15 62  5  3 96 14 10 17 18  5 65  8 16 39 16  6 82  6 12 49 12  2 94
17 10  5 16 12  9  1 20 53  3 15 74 13  3 71  2  8 10 18  2  9 19  7 69  7 19 33  6 16 39 12 14 41 10 13 14 11 18 37 15  4 16  5  1 44  4  5 12 20 11 68 14 17 49  9  6 66  8  9 14
 9 18 68  2  9  3  7 11 49 10  7 49 13 16 93  6 20 29 19  6 34 15  8 21  4 10 70 20 14 91 14  1 14  8  5 21  1 19 76 18  3 48  3  4 87 17 15 21 16 13 90 11 12 20 12 17 59  5  2 10
 2  8 34 12 13 44 17  7 20 20 14 37  4 10 86  3  2 84 14 18 60  7 17 20  6 19 54  9  9 98 10  6 15  1 12 50 16  5 70 15  1 84 18 11 68  8  3 40 11 16 18 19 15 82  5  4 75 13 20 71
15 12 36 12 15 96 18 20 61  4 16 57 17 10 22 19 18 42 14 19 11  9  3 19  1  7 22  8 13 18 13  2 93 10 14  5  5  6 38 16  9 35  6  4 24  7 11 69 20  1 61  2  5 41 11 17 56  3  8 62
14  2 46 19  9 10 16  7 86 15  8 19  8 20 35  5  4 21 12 10 84  1  6 20  7 18 50 10 17 48 20 12 84  3 19 99 18  3 86 13 14 64 11 16 10  9 11  8  2  1 12  4 13 71  6  5  4 17 15 86
12  6 74 19 20  1  5 13 78 16  3 18 15 18 13 10  1 30  6  8 96 17 17 57  3  4 20 14 15 46  2 11 63  9 14 42 20  5 87 13  2 29 18 19 82  1  7 14  7 16 57  4 10 41  8  9 46 11 12 62
20 14 67 18  1 40  9  7 28  1  5 28 10 15 20 17 10 98 13  8 17 12  6 10 14  3 95  5 18 94 11 20  8  7 13 82  6  4 21  4 17 28  2  2 71 16 12 10  8 19 67 19  9 60  3 11 79 15 16 54
16 19 73  8  7 59  2 14 97 11 11 39  4  3 64  3 18 38 13  4 25  9  2  7 20 13 21 12  6 40 14 20 14  5 12 51 18 10 88  1 15 49  6 16 74 19  8 53 15  1 53 10 17 54  7  5 53 17  9 52
 7 19  3 16  1 71 18  6 72 10 11 66 20 17 41  3 13 64  6 16  6  1  9  7 17  4 46 15 20 56  4 14 30  8 18 70  9  8 22 19  3 53  5  5 55  2 12 92 11 15 54 14  7 41 13 10 39 12  2 49
 1 14  9 17 10 11  6  5 31 12  6 69  7 18 27  8  9 54 14  4 69 15 19 17 13  2  1  3 11 53  5 17 31 19  3 90 10  1  9 18 13  3 16 12 41 11  7 97 20 16 42  2 20 21  9  8 54  4 15 69