30 20 20
 1 15 44 10  2 36  8  5 38 13 14 61 15  6 84 11  9 74  3 16  5 14 12 28 20 10 86 12 17 43 17 20 40  9 18  4  4  3 89 19  4 67  7 13 92  5 19 82  2  8 22  6  7 15 18 11 55 16  1 31
13 20 13  7  1 86  8 13 30 19  3 39  2 14 95 18  8 83 12  5 92 17 17 14 14 12 48 10 15 34  9 11 66  4 16 72 15  2 57 20 10 48  6  6 14 16 18 23  5 19 22  3  4 24 11  7 93  1  9 80
 9 18 15  8 16 47 12 14 77 11  1 64 19  6 76 20 12 40  7 19 91  3  7  4 10 10 70 17 17 75 13  4 82 16  2 88  4  9 79  6 13 97 14  3 60  5  5 45  2  8 50  1 15 76 18 11 91 15 20 91
 1  6 11 12 20 87 13 16 53  6 15 23  5 19  5 18  4 80 16  7 95  3  5 84 19  9 93  7 12 33 11 17 25  9  8 21  4  1 65  8 14 71  2 11  3 15  3 65 10  2 14 17 13  8 14 10 36 20 18 23
18  7 21  1 12  2  2 11  8 15  8 50 17 19 21  6  3  9 10  5 77 12 17 48  8  1 29 20 10 40 19  6 40  3 20 73  5  9 32  7 16 18 11 14 34 13 13 16 14  4 66 16 18 27  4 15 54  9  2 72
12 16  5 14  2 83  9 18 98 15  6 97  8 14 81 16 20 31 11 12 38  6 17 52  1  3 91 10  7 77 20  1 23 18  8 27  4 19 95 13  9 85 17 11 42 19 13 26  3 10  7  7 15 83  2  4 98  5  5 40
16  4  8 10 13 41  8 12 16  2 11 34  3  2  9  7 17  8 11  1 16  6  7 96 14 10 39  9 20 91  1  5 26  5 16 17 20 15  4 12  9 89  4  6 92 15 18 74 18  8 54 19  3 89 13 14 78 17 19 10
15 10 64 11  8 91  7 20 78 20 11 75 18  7 17  6 12 71 12  5 91  1 19 44 14 16 95  3  6 51 19  2 81  5 14 89  2  9 38  4  1 61 10 18 61  8  3 36 16 13 66 17 15 14 13  4 38  9 17  5
 5  1 75 20 11 52 14  9 26 19 19 82 12  6 53 17 20 21  6 13 64 15 15 93  3  5 11 18 12 36  4  3 13 16  8 42 11  7 56  7 14 81 10  4  6  1  2 30  2 16 20  9 18 57 13 10 40  8 17 92
 3  1 92 13  2 37  1  5  9  2 11 81 17  8 74  7 16 55 19 17 34  5 18 34  6  7 35  4 12 14 10  4 55 12 19 86 16  3 94  9  6 86 18 20  9 20 14 53 11 10 33 15 15 84  8  9 80 14 13 95
15  8 44  4 19 26  9  4 66  6  5  3 18 16 99 11 14 81  1 15 54 14 13 16  8  2 28 17  3 38  5 10 33  2 12 14 20  9 26 12  1  6 13 17 27 19  7 56 10 18 53  7 20 83 16  6 69  3 11 68
19 17 17  6 14 82  2  2 28 14  4 22  5  9 27 12 18 15  4 10  9  8 19 89  7 16 93 15  6 66 20 12 18  3  8 27 13 11 54 18  5 16 11 20 58  9  1 58 16  7 41 10 15 67 17  3 42  1 13 93
16  3 96 18 15 78  2  6  2  4  8 73 15 16  1  6 20  3  5 18  5 19 17 25  9 13  7  1 10 12 20  5 46  8 12  4 14 11 75 13  7  2  3 14 38 11  9 31 12  1 24  7 19 59 17  2 67 10  4 42
17 19 97 13 15 56  7 10 20  3 11 98  6  5 56  8 18 25 14  2 57  1  3 95 20 16 42 12  4 33 15  8 48 11  9 45 19 20 10  2 13 18 18  6 48 10  7 96  4 14 46  9 12 45  5  1 64 16 17 73
 4 16 20 19 20 69 20 18 40 12 15 10  5  6  7  9  3 98 10  2 98 11  4 45  1 12 15 16 19 10  6 13 49 17  1 55 18 11 66 13 14 63  3  8 37  8  9  2  7 17 78 14  7 84 15 10 64  2  5 38
12  7 85 16 19 27  5 13 48 10 14 75  6 12 41 15  8 36  1  3 58 11  9 92 19  5 93 13 16 75  4 11 53  8 10 89  9 20 38  2  1 24  7 17 57  3  6 96 18  4  5 14 18 38 17  2 88 20 15  4
16  1 91  2 18 42 11  5 67 13 11 62 14  2 78 12  6 30 15 20 34  3 19 88 19 16  2 18 15  1  7 17 89 17 14 28 20  9 85  4 12  2  1 10 39  6  8 55  5 13  1  8  3 98  9  4 85 10  7 92
 7 12 79 19  6 69  4 15 62  9 18 16 14 13 88  6 14  1  3  5 66 16  9 98 17  4 14  1  7 51 11 17 30 15 11 35 10  1 30  2 16 74 18  8 31  8 10 90 20 19 59 12  3 57  5 20 68 13  2 16
18 12 65 14  7  8  9 20 15  2  2 79  1 19 30  5 15 26  4 13 90 10  5 88 16  3 35 20 14 90 13  9 35 17 18 74  6  4 97 12 11 28  8 16 33  3 17 79 11  1 93 19  6 47 15 10 19  7  8 95
19  8 11 17  9 79  1 16 86 11 20 85  6 12 34 10  5 29 12 14 37  4  4 76  5 19 17  9 13 21 16  3 73  2  6 70 20 11 87  3 15 92 14  1  2  7 10 58  8 17 15 15 18 74 13  2 82 18  7 74
18  5 94  1  9 45  8  1 42  9 18 30  4  6 84 13  8 61 14 10 18 16  7 17  7 20 97  6 17 42  5  3 84 15 14 71  3 12 62 12  2 74 20 11 32  2 19 11 17  4 65 11 16 22 19 15 21 10 13 14
13  5 37 14 17 34  1 19 63  8 20 16  7  1 45 17  4  3 10  8 29 20 18 52  3  3 49 11  7 63 12 13 27 19 16 67 15  2 19  9 11 38  6 14 81 18  6 66  2 12 26  5  9 73  4 10 99 16 15  8
20  5 19  9 14 70  6 11 67  8 13 90 12 20 98  7 19 66  3 18 25 14  6 40  1 15 47 17 17 56 10 12 20  4  8 89 13  9 55 18  1 25  5  2 31  2 10 58 19 16 63 15  3 81 16  7 28 11  4 41
 3  8 16 17  4 14  1 13 30  6  5 18 16 17 12 11 12 92  4  6  4 14  3 22 18  9 28  9 10 14 20 14 29 19  7 52  5  1 82  8 19 58 13 20 46  2 15 60 12 11  8 10 16 30 15 18 96  7  2 36
 9  6 20 20  8 39 10  4 17 19 17 74  1 20 17  3  7  5 11 14 30 16 15 27 13 18 60  4  5 23  5 12 33  8 10 57 18  9 93 15 16 24 14  1 95 17  2 77  2 13 22 12 11 15  7  3 47  6 19 71
 3  3 45 19  2 36 11 10 53  4  4 47 10 13 77  9  6  8 20 16 49  1 12 30 12 17 97 18 20 33 16 19 31 13  9 39  2  1 61 17  7 83 15 18 17  7 11 33  6 15 93  8  8 65 14  5 38  5 14 74
 8 17 82 17 20 63 15  3 45  6  2 47  3  4 90 16 16 66  7  6 94 12 12 25  5 10 65  4  7 85 18 13 40 11  5 16  1 14 10  2 11 72 10  9 99  9  1 76 13 19 67 19 18 40 14  8 97 20 15 94
17 12 68 18 20 24  1  5  4  2  7 98  6 17 29 15  9 34 13  1 31  4 19  3  9 18 75  5 11 14 16  2 26 20  8 70  7 16 66 10 10 78 12 14 89 14  6 82 19 13 28 11 15 20  3  4 48  8  3  5
 3 17 28 19 16 59  2  9 99  1 15 22 20  3 32 13  6  7 12  4  7  7 11 92  5  8 66 11  7 89  9 13 86  8 14 79  6  1 79 18 20 30 16 10 70 10 19 45 17 18 24  4  2 83 14  5  7 15 12 78
 1 19 16  2 18  8  3  6 88 12 13 29 15 10 37  9 11 59 10 14 69  5  3 10 16  7 65 18  4 19 19  9 27 14 16 98  6 15  7 13  2 83 20 17 35 17  8  3 11  5 83  4  1 93  7 20 21  8 12 52