30 20 20
14 11 40 11  3 38 15 18 27  2  7 47 17 14 98 18 12 70 13 13 83 19 15 39  8  2  2  4 20 16 16 17 53  3  1 39 10  6 97 12  5  7  6 19 42 20 16 98  7  8 40  9 10 93  5  9  8  1  4 58
19  7 33  7  8 47 11 19 55 15  2 73 16  4 89  6  1 85 10 15 19  1  5 81 18 18 14 12 10 64  9 20 31 13  3 18  2 16 45  8 13 32  3  6 60  5 14 62  4 12 64 14 17 88 17  9  5 20 11 34
 3 19 24 19 10 90  6 11 28 10 16 72  1  9 66 15 13 14 18 14 12 20 12 90  7  2 19 11 17 28 17  4 54 12  8 57  4 20 57 13 15 45 16  3 13 14  6 97  8  5 44  5  1  9  9 18 26  2  7 46
 7 13 99  1 16  1  3 14 20 14 18  2  2  9 24 13  3 56 19 15 80 12  4 85 15  2 51  6  5 56 10  6 74 18 11 83 11  7 23 20  8 35  5 20  9 17 17 55  4 19 12  9 12 29  8  1 49 16 10  2
13  9 36 10  4 70  7  8 60 16 20 23 15 13 42  4 11 21  1  3 57  8  7 89 20  2 56 19 14 36 12  6 80 14 16 41  6 18  1  9 17 91 11  5 70 18 15 68  2  1 69  3 12 79  5 10 52 17 19 79
12  5  1 14 17 38  2  6 48 17  2 12  8  1 90 13  4 61 16 13 51  4 16 31 15 12 10 19 18 30 18 19 47  9 10 58 20  9 21  6  3  7  7  7 53 10 11 70  5 14 35  1  8 35 11 15  5  3 20  8
11  1 30 15 17 31 16 11 36 17 19 95 20  3 75  1 13 14 19 18 45  3 15 43  6  6 64  5  5 96 10  9 99 13  7 16 14  4 73  9 10 33 12  8 96  8 20 38  2 14 84 18 12 21  7  2 70  4 16 39
20 19 55  3  5 52 18  7 70  2  6 15 13  4 24 16 18 36  9 14 46  1 17 44 10  9 57 12 16 32  7 20  7  5 10 90  8 11 24  6  2 42 11 13 12 19 15 67 14 12  5 17  3 34 15  1 54  4  8 94
15 14 77  2  2 14  6 16 15 14 19  2  1  7 20  3 15 24 18  6 35  8 17 52 20 11 47  7  8 96 19  3 15 12 20 33 13  4 31 17 10  5  5  9 94 16  1 18  4 18 18 11 12 11 10  5 91  9 13 52
 2 15 53  8 12 76 14 20 15 13 11 71 17  5 11 19  6 71  4 13 26  9 17 10  1 14 37 12  7 30 18 18 21  3 16 51  6 10 62 10  8 66  5  1 17 11 19 76 16  2 75 20  3 66  7  9 72 15  4 17
18 12  3  6  5 68  9  4 10 14 15 84  8 11 93 20 14 86 12  2 53 17 10 74 16  3 55  5  1 63 11 18 51 19 19 28 13  8 65  7 17 31 15  7 85  4 20 43  2  6 51  1 16 71  3 13 70 10  9 14
 7  9 46 18  6 60 15 16 37 20  7 82  4  1 59 12  3 74  2 19 73 11 18 86  5  4 59 10  8  3  8  2 91 13 15 24  3 12 47 16 11 18 17 10 42 14 20 40  1  5 43 19 17 33  6 14 18  9 13 85
19  9 88  9 19 99  7  8 30 14  4  2  1  2 56  2 14 51  6 13 95 11  6 25 17 20 48 12 12 30 18 17 86 15  5 57 10  1 77  5 16 20  8 15 12 13  7 91 16 11 54  4 18  7 20  3 98  3 10 87
 2 19 19 18  1 26  5 11  6  7  4 57 19  8 88 17  2 64 13 20 53  8 16 11 20  5 58 10  3 24  3 14 36 11 18  7 12 12 35 15 13 64 14 10 12 16 15  1  9  6 25  6  9 70  4  7 47  1 17 48
 2 18  8  4  5 42 16 12 72  9 17  3  3  9 25 19 11 72  5  7 55 11 14 90  6 15 62  8  3 58 15  8 49 14 16 43 20  2 27  7 10 59 18  6 40  1  1 53 12 19  8 10  4 37 17 13  6 13 20 75
 4 17 64 10  8  3 17  1  4 11 12 49  2  7 19 12  9 28 15 10 41 20  2 16  7  3 56  3 16 57  6 19 21 16 15 77  5  6 58  9 14 36 18 11 93 14 13  7  1  5 90 13 20 43  8  4 36 19 18 62
18 12 77  5 15 14 19  8 48 16  6 15 17 18 68 11  9 29 15 11 48  8  4 33  4  1 41 14 20 50  3  2 23  6 10 36  9 16 56 10  3 67 12 17 14  7 13 27  2 19 72 20  7 89 13  5  2  1 14 90
12  2  1  1 20 24 17  6 27  6 15 17  2  4  7  4 12 45 13 13 24 18  8 11  3  9 63  8 19 54 15 10 55  9 18 53 16 17 60 11  3  6  7  1 55 10 14 64 20  7 96 19 11 69 14 16 37  5  5 36
14 18 37 17  2 38 13 19 30 10  3 32 18  7 79 12 20 94  8  9 78 15 10 23  5 16 52  9 11 86  7  1 30 19  8 82  1  6 32 20 13 68 16 12 46  4 14 85  6  5 73 11  4 44  3 17 19  2 15 88
14 10 53 16  5 45 12 17  2 11 13 40 19 14 35 13  6 55  7 20 76  2  1 68  5  4 83 17 19  2 20  7 32  8  9 48  6  8 45  4  2 53 18 15 33  1  3 71 15 11 33  9 16 49 10 12 92  3 18 97
 9 15 42 10 10 85  1 14 29 12 12 74 13  8 22  5  1 72 17 17 59 18 13 40 16 20 60  3 19 81 15 16 49 14  4 29  8  7 55 20  6 98  7  3 69  4  9 67 11  2 65  2 11 50  6  5 43 19 18 58
 4  4 67  2 15 34 19 12 94  8  7 69 10 10  5 12  9 55 13  2  1 15  8 79 16 11  9 14  6 11 18  3 56  5 20 33 17  1 15  6 16 72  1  5 24 20 13 70  3 18 81  9 14 70  7 19 42 11 17 51
 6  9 91  7  5 88 11  6 43  9  2 59 18  8 43 12 14 76  3  3 95 13 13 37  2 11 24 20 17 39  5 10 19 15  1 94 16 12 80  1  7  3 10  4 87  4 16 18  8 15 51 14 19 99 17 18 79 19 20  8
18 14  5 17  6 42  6  9 88 19 10 58  3 16  6 14 19 99  8 15 29 20 13 11  4 17 28  7 20  3 12  8 43  5  5 47  2  3 41 16  4 84 10  7 27  9  1 38 11 11 63 13 12 67  1  2 64 15 18 95
 2 18 67 18 11 85 17 12 29 12  3 12  4  9 39 13  8 94  6  6 37 16 20 91  9 10 39  7  2 25  5  1 35 14 17 17 11 19  6  3 14 98 20  5 46  1  4 62 19 15  2  8  7 12 15 13 34 10 16 56
 3 17 12 13 19 66 19 14 88 10  6 63  8 11 59 17  1 55 16  7 31 20 16  4 11 18 26 12  5 68  5 20  1  9  9 82 15  4 70 18 15 15  2  8  1  1  3 48  6 12 35  4 13 81  7  2 25 14 10 56
15 13 85 18 15 88  8 17 24  7  8 30  5  4 89 16 16 77 19 11 15  1  1 34 17 14 23  6  5 36  3  6 72 10 20  5 13  3 55 11  9 79 14 18 54 20 10 37 12  2 91  2 12 98  4  7 91  9 19 91
12 12 91  5 10 93 16  3 17  2 13 76 18  8  2  3  2 90 20 16 77 15 14 27  8 11 69  9 17 17  7  9 56 17 19 28 19  4 45  4  1 93 11  5 92 10 15 83 13  6 59 14  7 82  1 18 80  6 20 33
12 15 21 18  5 49  8  8 19  1 20 47 10 18 83  2 17 11  9  6 86 17 19 37 16  1 24 19 16 10  6 11 49 13 14 66  3  3 17 11 10 10  5 12 64 20  2 87 15  4 72 14  9 68  4  7 99  7 13  7
15  3 46 12  5  2 17  6 72  8 10 45  4 14 91 19 17 86 13 11 61  6  7 66  1  4 67 11 13 42  7  2 27  9 19 53  5 18 89  2 12 64 16  9 52  3  8 28 10 15 29 14 16 66 18  1 74 20 20 80