30 20 20
 6 11  7  1 20 69 11 17 91 16 13  6 12 10 17  5  6 51  7  3 15 18  2 38 17 14 97 19 18  9  4  4  9  2 19 92 20  8 39  8 15 15 13  9 79  3  1 80 15 12  3  9  5 72 10 16 27 14  7 56
20 11 12 12  6 12 13 13 10 15  2 69  4  7  8  6 18  7  7  4  3 11 10 10 19  8  5 14 12 10 16  9 14  9 17 97 18 16 34  3  1  7  1 20 29  2 15 15 10 14 99  5 19 99 17  5 98  8  3 70
10  3 37  4 15 56  2 12 18 17  5  3 14  6 55  6 20 57 12 13 34  7  7 74 13 19 42 20  9 12 11  1 36  3 10 77  8 11 23 19  2 89  5 18 34 16 14 99 18  8 96  1  4  4 15 16 71  9 17 90
10 19 45  7 12 40 20  5 74  6 11 10  4 20 98 15  1 86 11  4  5  1 13 93  5  6 25  8  2 67 13 14 51 16  3 90 12  8  7 18 16 64 14  9 29  2 18 95 17 15 42  9 10 59 19 17 95  3  7 13
 4 10 35  5  8 40 15  2 71 19  4 15  1  1 55 20 15 90  9  9 21 10 13 81 14 12 55  7 11 74 13 18  4 11  3 78  6  7 46 16  5 84  3 17 20  8 14 66  2 16 92 12  6 13 17 20 52 18 19 89
 3 15 91  6 14 96  4  2  3 16 19 34  8 13 51 12 20  4 17 17 75 14  6 53 18  4  5 10 11 17  5  7 59 13 10 74  7 12 53 15 16 90  1  9 12 19  5 71  9  1 27 20 18 53  2  3 37 11  8 28
13 11  9  3 10 84  2  3  4  8  1 38 12 16 78 10  2 97 17  8 43  6 17 97  1 14 91 16 18  2 20  9 75  7 12 44 11 15  6  9 20 22 15  5 59 14 13 95 19  4  2 18  6 60  4  7 62  5 19 27
 7  5 88 19 18 62 11  1 56 10 20 27 18  3 21  6 12 66  4 13 11 20  9 15  8 11 86 17 10 33 13  4 14 16  8 95  1 17 22  2 19 67  5  2 81  3 16 21 12 14 90 15 15 83 14  6 51  9  7 86
 4  6 96 11 15 18 18 11  6  7 10 79  8 14 81  2 12 30 12  1 48 19  4 12 15 16 66 14  5 59 20 18 42 16  3 31 10 17 66  5  7 93  6 13 78  9 19 91 17  2 25 13  8 74  1 20 61  3  9 50
 6  7 64  9 18 44  5 16 70 12 14 85 13 13 59 15 15 19  8 17 98 20  1 80 16  9 25 18 19 82  1  2 81 11  6 47  2  3 33 19 11 28  3 20  1  7  8 75 10  4 66 17 10 63 14 12 18  4  5  8
 3  8 87  1  2 96 14 17 59 15  4 51  2 20  6  8  1 77 17 10 36 13 15 72 16  6 98 18  7 75 10 14 56  5 11 68 12  5 78  4 12 18  9  3 68 11 13 84  6 18 90 19 19 95  7 16 26 20  9 64
 8  6 55 13 19 54 20  4 87  4 16 24 18 14 44 10  7 60  7 17 59 17 13 95 12 18 44 16  8 34  6 11 88 19  9 34  2  5 98  3 10 90  1  2 48  5  1 95 11 12 72 15 20 98  9  3 43 14 15 61
19  3 21  4 10 33  8  5 21 12 20 63 16  4 37  6  2 21 14  7 59 17  9 16  2 16 89  5  6 43 13  1 83 15 12 99  1 19  8 20 11 97  7 17 51 10 18 54  9  8 63 11 15 77 18 13 89  3 14 23
 9 20 51  1 17 67 12 19  6  7 10 12  3  2 55  4  3 68 14  7 65 16 12 66  6  9 50 10 11 89 15 15 48 20  6 88 11  8 86 19  4 60  8 18 58  2 14 39 18  1 62 17 16 28  5 13 23 13  5 47
15 10 40  4  7 62 16 14 63  2  3 90  6 19 47 20  6 60 14 17  7  9 12 54 11  8 61 19 13 54  1 16 18 18  1  2  8 20 36 12 15 87  7 18 98  3  2 61  5  9  1 17 11 65 13  4 27 10  5 49
13  9 75  8  8  9  4 20 53 16  7 64  1  5 43 17  2 18 10 11 66  9 16 34 20  3 97  7 17 23 19 10 55 14 13 12 12 15 31 18  4 64 15  6 86  5 19 76 11 12 68  2  1 11  6 18 25  3 14 62
18  7 36  9 19 53 13 12 75  6 17  8 17 13 97 19 10 75 16  1 92  1  5 71 20 11 36 11 14 34  8 16 54 10 20 17 12  8 21  5  3 91 15  6  2  3 18 77 14  9 21  2  2 49  4 15 94  7  4 89
14 20 37 10  4 79  2 13 89 18  8 53 17  5 47 16  2 75 13  9 99 15 10 50  3  1 40  6 16 90  7 15 74  8 12 15 11  6  4 20 14  1  4 11  4 12  7  9  5 18 42  9  3 38 19 17 34  1 19 29
15 14 79 11 20 95  8  3 16 17 11 72  5  5 34  3  4 17 13 10 27  1 13 16 19  1 88 18 16 89 12 15 14  6 18 95 20  9 97 10 19 97  4  8 61 14  6  2  7  2 69  2  7 45  9 17 19 16 12 35
10  6 16 14 16 30 17  1 28  8  5 41  4 14 52  6  7 97  2 15 12  1  2 64 13  4 99 20 13 24  5 20 40 15 10 42  3 19 64 16 18 65 12  3 89  9  8 28  7 17 44 18 11 87 11 12 15 19  9 47
10 12 73 15  9 98 17 17 93  5 16 54  8 13 51  1 11 10  6  4 12 11  2  1  3 20  3 16 15 18  7  5 36 12  6 31 14  3 42 20 14 13 18 19 72  4  8 30  2 10 30  9  1  2 13 18 52 19  7 19
13 15 71 14  2 52  2 14 80 20 19 20 12  3 65 18 10 26  8  9 19 16  4 69 11 13 53  6  5 81  9  8 38 17 17 45 10  1 97  4 18 48 15 16 37  1  6 77 19 11 28  3  7  5  5 20 81  7 12 64
 3 10 94 15 11 41 14 19 23 20 13 53 11 17  4 13 16 89 19  6 86 12  7 80  9  2 24 18 20  7  6  1  5  8 14 98 10  3  1  7 12 18  5  5 57 17  8 53  1  9 50  4 15 72  2  4 36 16 18 18
18  6 75  4 18 15 19  7 47 10 17 52 13 20 69 14 11  8 17  5 28  1 15 69 16  8 65 12 10 42 11 14 20  2  4 58  8 12 75  5  2 93  3 16 80  6  3 45 15 13 74  9  9 98 20 19 13  7  1 43
12  4 12  7 10 31  6 16 98  1  1 76  9 13 79 13  7 10  4 18 18 14  6 19 16 15 28  3 14 68 17 11 25  8  8 40  5  5 74 19  2 55  2 12 95 10 20 42 11 17 71 15  9 78 20  3 10 18 19 55
 1 18  1 13 10 42  5 20 83 19  6 74 20 19  3  9 12 49 17  7 85  6 15 64 12 17 84 16 11 43  2 16 59  8  9 40  4  8 37 14 14 65  7  2 41 11  5 68 15  4 24 10  3 36  3  1 64 18 13 67
 3 11 16  5 16 83 20 17 72  6 15 18 16 18 74 18 12 40  7  7 96 10 10 59 15 14 95 19  6 76  4  8 75 17  9 23 14  1 65  9  4 65 11 20 16 12  5 71  1  2 52  2  3 84  8 13 99 13 19 24
 7  8  2  2  9 88 19 12 99 14  7 52  3 11 68 12 10 13  1 14 38 17 16 35  9 18 57 20  3 37 16  6 93  5 13 38 13 20 68 15  5 94  4 17 71 18  2 87  8  4 46  6 19 14 11  1 87 10 15 30
17 13 79 18 19 62  7 17 37  4  1 54  8 14  1 16 16 97 15  2 16 13  4  2  3 12 51 19 11 96  2 10 19  9  8 15 12  6 42 11  5  8  1 15 72 20 18 15  6  9 76 14  7 25 10 20 78  5  3 84
 6 10 62  4 15 70  7  9 81  1  3 16 17  4 97 12  8 68 18  1 71 20  7  3  3 16 68 13 20 91 11 17 37  5  6 73  2 14 21  8 12 85  9 13 79 14 11 51 19  2 50 10 18 21 15 19 30 16  5 64