50 15 15
 3 15  7  1  8 90 14 14 24  8 11 42 15  3 12 13  5 67 12  1  5 11  9 34  6 10 54  5  2 94  2  6 77  7 12 14  9  7 15 10 13  2  4  4 20
 1 10 24 13  1 35  3 12 52 15  6 47  2  3 96 14 11 15  7 15 33  8 14 31 12  5  5 10  4 94 11  9 18  9 13 18  6  7 11  5  2 91  4  8 52
 1 12 53  6  9 76 11 15 15 10  2 71 13  5 11 15  6 71  3 11 26  8 13 10  9  1 37  7  7 30 14 14 21  5 10 51  2  8 62  4  3 66 12  4 17
 9 10 76  8  1 75 15 13 66  7  6 72  2  8 17 14 11  3  5  5 68 10  7 10 13  3 84 11 12 93  3  9 86  1  4 53  4  2 74 12 15 55  6 14 63
 1 12 51 14 13 28  3 14 65  2 10 31  6 11 85 12  3 43 13  7 51  8  6 71  5  9 70  4  8 14  9  2 46 15  1 60 11 15 37  7  4 82 10  5 59
 7 11 74 13 14 73  6 13 86 15  2 59  5  3  3  3  1 91  8 10 24 10  7 47 11  6 18 12  5 42  9 15 40  2  4 43 14 12 33  1  9 18  4  8 85
15  7 88  7 14 99  6  1 30 11  4  2 14  2 56  8 11 51  3  6 95 10  3 25  5 15 48  4  8 30  9  5 86 13  9 57  2 12 77  1 10 20 12 13 12
 9 13 91  8  4 54 10  7  7 12 15 98  4  6 87  6  2 19 14  5 26  1 11  6  3  9 57 15  8 88  7  3 64 13 10 53  5 12 11  2  1 58 11 14 24
13  5 36  1 11  7  2 12 35  7  2 64  5  4 12  4 10  1 14  3 25  6  6 70 10 14 47 11  7 48  9 15  8 12  8 42 15  9 72  8  1  3  3 13 25
14  6 72 11  2 55  6  9 90  1 10 62  3  7 58 10  3 49  9 11 43 15  4 27  2  5 59 13  1 40  4 13 53  7 14  8  5 12 37 12  8  6  8 15 75
 3 13 64  8  6  3 13  1  4  9 10 49  2  2 19 10  8 28 12  9 41 15  5 16  7  3 56 14  7 57 11 15 21  6  4 77  4 14 58  1 12 36  5 11 93
 8  5  7  6  1 90  5 15 43 10  7 36 15 13 62 14 11 77  1  2 14  3 10 48  2  8 15  9  3 68 12 12 29  4  4 48 13  6 33  7 14 41 11  9 50
13  7 23 14 14 36  8  8 56  5  2 67  1 10 14  4  6 27  3 11 72  2 12 89 10  9  2  6  4 90  9  1  1  7 15 24 15 13 27 12  3 17 11  5  7
 1  7 45  8  8 24 13  3 11 12  4 63  3 14 54 10  5 55  4 13 53 11 12 60  6  1  6  2 15 55  5  9 64 15  2 96 14  6 69  9 11 37  7 10 36
10 14 37 13  2 38  1  1 30  8  3 32 14  6 79  3 15 94  4  8 78 12  9 23  5 13 52  9 10 86  2  4 30 15 11 82 11  5 32  7  7 68  6 12 46
 8 14 85  9  1 73  4 11 44 12 10 19 14  7 88  3  4 53  5  8 45  6  2  2  1 12 40 15 13 35 13  3 55  2 15 76  7  6 68 10  5 83 11  9  2
15 15 32  8  4 48  4 13 45 14  5 53 10  2 33  3  9 71  5  1 33 11  7 49  2 11 92  6  3 97 13 14 42  9 10 85  7  6 29  1 12 74 12  8 22
 8 10 72 12 12 59 13  8 40 11 15 60  4 14 81 10 11 49  9  7 29  3  2 55 15  1 98  2  9 69  7  4 67  6  5 65  5  6 50  1  3 43 14 13 58
 3  3 67  2 11 34 15  9 94  7  6 69  9  1  5 10  8 55 11 12  1 12  4 79 13 10  9  8  5 11 14  2 56  5 15 33  4 13 15  6 14 72  1  7 24
14 13 70 10  7 81  1 11 70  6  9 42  5  6 51  8 10 91  9  8 88 11  4 43  4  2 59  3  3 43 13  1 76  7 14 95  2 12 37 12  5 24 15 15 39
11 10 19  6 11 94  8  1 80  7  5  3 15  9 87  1  7 18  9  8 51 14  2 99 12  4 79  5 15  8 10 14  5  2 12 42 13  6 88  4 13 58  3  3  6
 9 14 99  3 10 29 15  8 11 14 12 28  2 15  3  7  3 43  1 11 47 12  4 41 11  5 84  5  2 27  4  9 38  6  6 63  8  7 67 13  1 64 10 13 95
 2 14 67 14  9 85 13 10 29 10  2 12  4  8 39 11  7 94  6  6 37  3 15 91  9  3 39  7  4 25  5  1 35  8 11 17 12  5  6  1 12 98 15 13 46
 7  5 62 12  1  2  3 15 12 13  4 34  5  2 56  1 14 12  2  3 66 15 13 88 11 10 63  9 12 59 14  6 55 10  9 31  8  7  4  6  8 26  4 11 68
15 15  1  1 12 82  6 10 70 11  6 15  3  7  1 12  5 48  9 11 35  2  8 81 10  2 25 14  1 56  7 14 85  8  4 88 13  3 24  4  9 30  5 13 89
11 11 77 14  6 15 10  8 34 12  9 23  1  3 36  3  1 72  5 15  5  8 12 55  6  4 79  9 13 54 15  5 37  7 10 91 13  7 98  2  2 91  4 14 91
 9  9 91  4  8 93 12  3 17  2 10 76 14  7  2  3  2 90 15 13 77  6 12 27  8  4 69 13  5 17  7 11 56  5 15 28 11  1 45 10  6 93  1 14 92
15 12 83 10  3 59  6  7 82  8  4 80  2  1 33 11 13 21 14  8 49  5 10 19 12 15 47  9  9 83  1 14 11  4  2 86  3  5 37 13  6 24  7 11 10
12  1 49  5  6 66  9 13 17 11  7 10 13  4 64 14 10 87  4 15 72  8  8 68  3 14 99  2  5  7  6 11 46  7 12  2 15  3 72  1  9 45 10  2 91
14 12 86  8  6 61  1  2 66 10  5 67  6  8 42  2  9 27  4 14 53  3 13 89  7  7 64 11  4 52 12  3 28  5 10 29  9 11 66 13  1 74 15 15 80
 5  9  7  1 15 69  8 13 91 12 10  6 10  8 17  2  6 51  7  3 15 14  2 38  3 12 97 15 14  9 13  1  9  4  5 92  6 11 39 11  4 15  9  7 79
 1 14 80 14  9  3 12  6 72  4 11 27 15  5 56  5  4 12 11  2 12  3 12 10 13  7 69  9 10  8  7 15  7  8  3  3 10 13 10  6  1  5  2  8 10
 9  3 14 12 10 97  2  8 34  3  9  7 15 14 29  4 15 15 10  1 99 14 12 99  5  7 98  1  5 70 13 11 37  6  2 56 11  4 18  7 13  3  8  6 55
 1 15 57  7  8 34  2  2 74  8 14 42 15  4 12  6  7 36 12  5 77  3  6 23 14 10 89  9 13 34 11  9 99 13  3 96  5  1  4 10 11 71  4 12 90
 8 14 45  5  9 40 15  5 74  6  8 10  4 15 98 12  1 86 10 10  5  9 11 93  2  6 25  7  4 67  1 12 51 13  3 90 14 13  7  3  2 64 11  7 29
 3  7 95  4 11 42  2 13 59  5  9 95 14 10 13  7  5 35  8  6 40 13  1 71 15  4 15  9 12 55 10 14 90 12  8 21  6  2 81  1  3 55 11 15 74
 5 11  4  4  3 78 14  2 46  9 10 84  6  4 20  7  1 66 13  6 92 15  8 13 10 14 52  3  7 89 11  9 91 12  5 96  1 12  3  8 15 34  2 13 51
 7 15  4 12 12 75  9  1 53 13 14  5  5  6 17  3  2 59  8  5 74  2  7 53 10 11 90 11  4 12 14  8 71  4 10 27 15 13 53  1  9 37  6  3 28
10  8  9  2  1 84  3  3  4  7  9 38  1 12 78  8  2 97 13  6 43  9 13 97 11  5 91  4 14  2 15  4 75 14 11 44  6 10  6  5 15 22 12  7 59
14  2 95 11 13  2  6  4 60 12 11 62  3  1 27  9  8 88 15 14 62  2  6 56  8 15 27  1 10 21  5  5 66 13  3 11  7 12 15  4  7 86 10  9 33
 4 14 14  8 15 95 10  9 22 13 12 67 11 10 81  9  6 21  7 13 90  6  8 83 12  1 51  3  3 86  5  4 96 14  5 18 15 11  6  2  7 79  1  2 81
 6  7 30  7  1 48 14  5 12 10 11 66  9  9 59 15 13 42 11  6 31  5 12 66  3  2 93  1  8 78  4 14 91 12 10 25  8  3 74  2 15 61 13  4 50
 5  6 64  7 14 44  4 12 70 10 11 85  3 10 59 12  3 19  2  2 98 15 13 80 13  9 25 14 15 82  9  7 81 11  8 47  1  4 33  8  5 28  6  1  1
13  5 75  6  7 66  4 10 63  2 11 18 14 15  8  7  9 87  3  2 96  1 14 59  8  6 51  9  1  6 11  4 77 15 12 36  5  8 72 12  3 98 10 13 75
12  6 56  5  5 68  2 14 78  3  2 18  7  9 68 11  3 84 10 11 90  6  7 95  8 13 26 14 12 64  1 10 55  4 15 54 15  4 87  9  8 24 13  1 44
 5  2 60  2 12 59 12  8 95  7 13 44 11  3 34  1  6 88 14  4 34  8  9 98 15  5 90  3 14 48 13  1 95  6  7 72 10 15 98  4 11 43  9 10 61
14  3 21  4  8 33  7  4 21  9 15 63 12  1 37  6  2 21 11  7 59  1  9 16  3 13 89 13 10 43  5  5 83 10 12 99 15 11  8  2  6 97  8 14 51
 1  9 54 13  8 63  8  5 77  9  6 89  6 12 23 10 15 51  5 14 67 12  4  6  7 11 12  3  7 55 11  2 68 14  3 65  4 13 66  2 10 50 15  1 89
 7  8 48 14 13 88  1  2 86 13  6 60  8 10 58 12  5 39  9  3 62  5  1 28  6 11 23 10 12 47  2  7 40  3  9 62 15 14 63 11 15 90  4  4 47
15  1 60  9 12  7  4  7 54  6  3 61 14  8 54 10 11 18 13  5  2  3 15 36  7 10 87  2 13 98 11  2 61  1  4  1 12  6 65  8  9 27  5 14 49