50 20 20
 7 20  2  3  9 16  1 17 12 14 19 88  5  8 25 11 15 16 18 14 35 13  1 10 17  3 98  6 13 52 16 16 27  8 12 42 20  7  1 15  4 49  4 11 28 19 18 41  9  6  6 10 10 32  2  2 89 12  5 60
20  2 64  4 11 10  6 18 36 11 16 34 15  6 46 10 13  6  9 15 86 13  8  9 16 14 28  8  5 25  2  4 14  5 10  3 14  3 79  3 12 92 17  9 72 19  1 81  1  7 25  7 20 60 18 17 48 12 19 26
 5 11 59 14  5 74  3  4  8 18 18 65  7 20 44  2  7 87 17  1 71  8 16 50 10 19 67 15  3 66  4  6 21 20 15 77 12 10 93 13  8 54 16 12 74  9  2 10  6 13 46 19  9 84  1 14 59 11 17 54
14 17 38  8  3 26  2 15 32 10 16 95  9  1 56  6 19 28  1  9 85  7 20 20 16  7 98 20  2 25 17  8 45 13 14 60 15 10 76  5 11 79  4 18 97 12 12 14 19  6 79  3  4 93 11 13 25 18  5 41
 2 13 17  9 20 34 15 15 86  5  4 36 18 18 23 17  7  8  4 17 61 19  6  5 16 19 41  3  9 17 20 12 62  6  3 19  8  2 56 13 11 42 11 10  8 10  8  6 14  1 84  1 14 83 12  5 65  7 16 67
19 10 75 17  8 66 12  6 85  8  2 66 18 13 18 14 15 77  9 14 16  5  1 41  3  3 69 11 19 65 15 17 18  4  5 85  7  4 35  1 16 85  2 18 51 10  7 92  6  9 87 13 11 30 16 20 21 20 12 29
 8  2 70 12 13 61  5  3 71  1 17 83 20 12 83  6  4 31  4 19  1 15 14 29  2 18 49 16  8 71 19 16  1 18  7 34 14 10 69 10 15 86 11 11 93  7  9 22  9  1 84 13 20 10  3  5 83 17  6 63
13 18 31  7  2  3 14 12 14 17 19 98 18 15 93 20  1 81  4  9 23  8 14 34  3  8 25 19 17 16  1  3 72 16 10 51 15 20 42  6 11 31  5 16 61  2  7 46 12  6 88 11 13 33 10  5 27  9  4 85
18  8 70  8 12 56  2 11 70 13 16 50  9  1 25  7 13 19 17 17 79  6  7 79 11 14 47 14  9 40 19  6 67  5 20 43 16  5 65 15  4 84  3  3 61  1 19 30 12 15 56 10  2 19  4 18 91 20 10 68
11 11 94  5 16  7  1  5  2 15  4 95  9  3 60 10  1 82 12 15 76 18 17 36 14 12  8  7 18 85  3  2  7  8 19 44 19 13  2 13  6 72 20  8 91  6  7 58  2 20 67 16 14 84  4  9 34 17 10 19
 2  9 19 13 19 94 18 12 41  7 14 98 14  3 96 12  7 25  8  1 40 19 11 74 11  5 88  4  8 74  9 17 45  3 18 60 15 10  8  1  6 29 17  2 32  5 13 42 10  4 25 16 15  4 20 20 71  6 16 79
15  6 93 16 12 28 18 10 30  1 11 17 19  4 43 17  9 84  8 20 56  3  5 46  7 19 93 20 15 66  6 14 84 12 13 40  4  2  4  9 17 15  5  1 15 13  7 54  2  3 39 10 16 77 11 18 55 14  8 31
19 18 65 10 20 91 15 14 17 20 16 47 16  5 77  2 17 68 12 19 62 13 12 22  4  9 72 18  3 47  3  4 38 14  7  7  8  6 11  5  1 22  1 11 63  6 15 12 17  8 21  9  2 60 11 10 42  7 13 22
14 10 84 17 14 60 15  1 52  2  5 25 19  7 53 12 16 53 13  8 56 16  3 29 18 19 83  9 13 32  3 17 48  1 18 28 20 12 70 10  9 26  6  2 68  4  4  4  7  6 19 11 20 92  5 15 24  8 11 54
15 12 57  8  4 47  3 18 84 13 20 85  6 17 95  2 19 36 18  6 34 16 11 65  9  2 64 12 13 30 11  8 41 20 16 53  1  1 74 19  5 44 10  3 13  5  7 41 17  9  6  4 15 32 14 14 94  7 10 37
15 18 62 14 13  9  4  6 89 10  7 37  8 12 28  7  5 23  1  4 13  9 10 60  6  9 46  3  3 94 11 14 85 13 15 72 17  8 18 16 16 79 12 19 11  2  2 74 18  1 61  5 20 43 20 11 26 19 17 97
14  3 62 17 12 40 11  4 60 10  9 62 16 17 78  6  1 42 12  8  8 20  6 21 13 20 11  3 14 70 15  7  9  4 10 22  1  5  9 18 19  8  7 13 54  8 15 32  9 11 92  5  2 76 19 16  2  2 18 63
11  1 63  5 11 98 20  9 42  3  7 12  4 16 41  1  5 67 16  2  7 19  8 91  8 10 52 13 15 87 10  6  4 14 18  1 12 14 56 15  4 82  6 17 47 18 20 35 17 13  8  7  3 92  2 12 39  9 19 11
15  8 44  4 15 24 16 17 24  5 18 14 19  7 34  6  1 57 12 13 30 13  5 64 11  3  4  1  2 14  3  6 69  8 14 95 14  9 22 20  4 60 17 20 61  7 11 47 18 19 74  9 12  7 10 10 14  2 16 12
 5  8 85  3  7 38 10 15 88 19  1 67 13 18 44 20  2 84 15 10 24  7 14 13 11  4 28  2  6 18 12  5 54  4 11 81 18 16 39 17  3 75  6 17 42  8 12 55  1 20 68 16  9 36 14 13 46  9 19  9
 2  8 85  3 17 80  7 14 20  8  2  1 13  3 52  9  7 33 16 11 50  4  1 91 18  5 32 11  9 84  1 19  1 12 15 70 15  4 83  6 12 89 19 18 18 14  6 29 17 13 46 10 10 94  5 16 78 20 20 24
 6 17  4  5  7 31  7  4 78 14 20 75 20 18 62  4 10 62  8  6 42 18 14 52 11  9 16 12  8 53 13 15 98 15 12 47  2  5 12 17 19 12 16 16 46 10  1 17  3 13 59 19  3 29  9 11 79  1  2 58
 6 13 22  3 12 65 11  9  9 13  5 74  1 15 19 18 17 21  2  3 11 10 16 99 20 10  6  9  1 20 16  2 99  5 18 46  7 14 17  8 11 82  4  4 31 15  6 95 17 20  5 14 19 75 19  7 55 12  8 65
19 11 80  2  8 97  5 15 49 16 16  4 18  6 18  8  3 89 11  5 38 17 12 67 20 10 24  6  4 78  1 18 35  4  2 77  3  7 65 15  1 87 14 17  4  7 13 33 10 14 88 13 19 49  9  9  1 12 20 38
11 13 57 13 20 65  9 18 42  3 16 54 17  9 27 10  3 39  5 12 89 20  5 54 16 17 46 12  1  3  4  2 33 14 11 25  7  4 16 18  6 86  6 19 51  8 15 36 19 14 43  2  7 36 15  8 11  1 10  2
18 19 10  5  9 56  3  6 65 15 12  2  7  3 97 16  1 48 14 16 25 19  5 18  2  2 63  1  4  2 12 18 96  9 11 63 13 15 39  8 17 52 10 14 92  6  7 77 11 13 88  4 20  9 20 10 56 17  8 73
18 15 13 14  1 63  4 14 46  9  3 43  8 10 87  6 16 35  5  2 12  2  8 36 17  5 50  3 18 55  1  6 91 20 12 51 10 17 36 11  4  1 12 13 99 16 19 93  7 11 10 19  9 41 13 20 61 15  7 41
 8 20 72  9 12 58 17 18 59 12  5 68  1  3 61 11 11 16  5  4 29 18  2 67  2  8 14 15 17 65  6 16 20 14  7 70 20 15 33 10 10 16 19  9 37 13  1 42 16 19 65  7 13 68  4 14 94  3  6 13
 2 19 90 13  2 19  1 18 84 11 17 32 14  8 30 20  3  7  8  9 83 18 13 72 12 15 12  5 11 69 17  7  5  3 20 40 16  1 69 19 16 78  9  6 94  4 10 57  6 12 91 10 14 37 15  4 87  7  5 66
 8  8  5 17 20 55  9 16 20  1  7  9 16 19 90 18  6 86  7 10 13  4  2 31  5  5  6 20 15 32 12 18 85 11  3 95  3 11 14  2  4 31 10  1 40 13 13 30  6 14 84 19  9 32 15 17 46 14 12 39
14 11 40 11  3 38 15 18 27  2  7 47 17 14 98 18 12 70 13 13 83 19 15 39  8  2  2  4 20 16 16 17 53  3  1 39 10  6 97 12  5  7  6 19 42 20 16 98  7  8 40  9 10 93  5  9  8  1  4 58
19  7 33  7  8 47 11 19 55 15  2 73 16  4 89  6  1 85 10 15 19  1  5 81 18 18 14 12 10 64  9 20 31 13  3 18  2 16 45  8 13 32  3  6 60  5 14 62  4 12 64 14 17 88 17  9  5 20 11 34
 3 19 24 19 10 90  6 11 28 10 16 72  1  9 66 15 13 14 18 14 12 20 12 90  7  2 19 11 17 28 17  4 54 12  8 57  4 20 57 13 15 45 16  3 13 14  6 97  8  5 44  5  1  9  9 18 26  2  7 46
 7 13 99  1 16  1  3 14 20 14 18  2  2  9 24 13  3 56 19 15 80 12  4 85 15  2 51  6  5 56 10  6 74 18 11 83 11  7 23 20  8 35  5 20  9 17 17 55  4 19 12  9 12 29  8  1 49 16 10  2
13  9 36 10  4 70  7  8 60 16 20 23 15 13 42  4 11 21  1  3 57  8  7 89 20  2 56 19 14 36 12  6 80 14 16 41  6 18  1  9 17 91 11  5 70 18 15 68  2  1 69  3 12 79  5 10 52 17 19 79
12  5  1 14 17 38  2  6 48 17  2 12  8  1 90 13  4 61 16 13 51  4 16 31 15 12 10 19 18 30 18 19 47  9 10 58 20  9 21  6  3  7  7  7 53 10 11 70  5 14 35  1  8 35 11 15  5  3 20  8
11  1 30 15 17 31 16 11 36 17 19 95 20  3 75  1 13 14 19 18 45  3 15 43  6  6 64  5  5 96 10  9 99 13  7 16 14  4 73  9 10 33 12  8 96  8 20 38  2 14 84 18 12 21  7  2 70  4 16 39
20 19 55  3  5 52 18  7 70  2  6 15 13  4 24 16 18 36  9 14 46  1 17 44 10  9 57 12 16 32  7 20  7  5 10 90  8 11 24  6  2 42 11 13 12 19 15 67 14 12  5 17  3 34 15  1 54  4  8 94
15 14 77  2  2 14  6 16 15 14 19  2  1  7 20  3 15 24 18  6 35  8 17 52 20 11 47  7  8 96 19  3 15 12 20 33 13  4 31 17 10  5  5  9 94 16  1 18  4 18 18 11 12 11 10  5 91  9 13 52
 2 15 53  8 12 76 14 20 15 13 11 71 17  5 11 19  6 71  4 13 26  9 17 10  1 14 37 12  7 30 18 18 21  3 16 51  6 10 62 10  8 66  5  1 17 11 19 76 16  2 75 20  3 66  7  9 72 15  4 17
18 12  3  6  5 68  9  4 10 14 15 84  8 11 93 20 14 86 12  2 53 17 10 74 16  3 55  5  1 63 11 18 51 19 19 28 13  8 65  7 17 31 15  7 85  4 20 43  2  6 51  1 16 71  3 13 70 10  9 14
 7  9 46 18  6 60 15 16 37 20  7 82  4  1 59 12  3 74  2 19 73 11 18 86  5  4 59 10  8  3  8  2 91 13 15 24  3 12 47 16 11 18 17 10 42 14 20 40  1  5 43 19 17 33  6 14 18  9 13 85
19  9 88  9 19 99  7  8 30 14  4  2  1  2 56  2 14 51  6 13 95 11  6 25 17 20 48 12 12 30 18 17 86 15  5 57 10  1 77  5 16 20  8 15 12 13  7 91 16 11 54  4 18  7 20  3 98  3 10 87
 2 19 19 18  1 26  5 11  6  7  4 57 19  8 88 17  2 64 13 20 53  8 16 11 20  5 58 10  3 24  3 14 36 11 18  7 12 12 35 15 13 64 14 10 12 16 15  1  9  6 25  6  9 70  4  7 47  1 17 48
 2 18  8  4  5 42 16 12 72  9 17  3  3  9 25 19 11 72  5  7 55 11 14 90  6 15 62  8  3 58 15  8 49 14 16 43 20  2 27  7 10 59 18  6 40  1  1 53 12 19  8 10  4 37 17 13  6 13 20 75
 4 17 64 10  8  3 17  1  4 11 12 49  2  7 19 12  9 28 15 10 41 20  2 16  7  3 56  3 16 57  6 19 21 16 15 77  5  6 58  9 14 36 18 11 93 14 13  7  1  5 90 13 20 43  8  4 36 19 18 62
18 12 77  5 15 14 19  8 48 16  6 15 17 18 68 11  9 29 15 11 48  8  4 33  4  1 41 14 20 50  3  2 23  6 10 36  9 16 56 10  3 67 12 17 14  7 13 27  2 19 72 20  7 89 13  5  2  1 14 90
12  2  1  1 20 24 17  6 27  6 15 17  2  4  7  4 12 45 13 13 24 18  8 11  3  9 63  8 19 54 15 10 55  9 18 53 16 17 60 11  3  6  7  1 55 10 14 64 20  7 96 19 11 69 14 16 37  5  5 36
14 18 37 17  2 38 13 19 30 10  3 32 18  7 79 12 20 94  8  9 78 15 10 23  5 16 52  9 11 86  7  1 30 19  8 82  1  6 32 20 13 68 16 12 46  4 14 85  6  5 73 11  4 44  3 17 19  2 15 88
14 10 53 16  5 45 12 17  2 11 13 40 19 14 35 13  6 55  7 20 76  2  1 68  5  4 83 17 19  2 20  7 32  8  9 48  6  8 45  4  2 53 18 15 33  1  3 71 15 11 33  9 16 49 10 12 92  3 18 97