50 20 20
12 12 31 16 16 58  3  9 73 13 17 12  5  7 25  6 19 64 14 18 98 11  8 72  4 15 47  9 13 84 19  6 17 20 14 98  7  5 99  2 11 39 15  2 73 10  4 82 17 20  1  8  1 43  1 10 48 18  3 62
12  8 44  5  4 50  2 17 44 13 12 72  6 19 89 15 10 45  1 18 44 14 16 21  7 20 79  8  5 60 17 14 87  3  1 63 16  9  8 11  2 20 20  6 88  9  7 88  4 15 77 19  3 88 18 13 46 10 11 30
19 16 44  9  1 42 16 11 84 12  8 41  2 13 74  5 19 52 20  3 25 15 10 87 18  6 43 10 15 77 11 14 39 13  9 93  1  5 44 14 18 23  4  4 75  6 12  7  8  2 60  3 17 45  7  7 71 17 20 49
 8 18  3  2 11 68  1 20 56 18 13 20  3 10 35 12  9  8 15 12 79 20  6 21 19  8 48  7  2 43  6 17 75  4 16 92  9  7 83 14  3 48 13 14  7 11 19 99 10  1 43  5  5 94 16  4  6 17 15 34
14 17 48 11  1 60  6 14 33 17 12 16 16  7 34  3 10 99  4  5 83  5  3 11 19 11 80  8 19 43 12  4 97  9  2 80 10 20  2  2 18 37 20 15 31 18  6 37  7 13 58 13  8 11 15 16 24  1  9 84
 6  1 10  9 13 30 15  2 97 16 12 89  7  3 47  3  4 37 13 20 73 18 10 11  8  9 90 12  8 54  4 18  1  5 16 97 20  6 68 14 14  8 19 15  7  1  7 72 17 11 38  2 19 50 10 17 42 11  5 32
 3 16 54  9 14 94  7  5 31  1 13 52 15  3 76 19  7 20 17  2 29 11  9 56 18 10 36 12 15 16 10  1 29  6  6 31 16 17 49 13 12 91  4 11  7 14  4 37 20 19 86  2 18 75  5  8 21  8 20 46
11  3 47  4 20  1  2  4 16  1 16 29 15  7 47  6 18 81  8  2 52 19 17 44  5 13 95 14 14 79  7 15 53 18  6 73 13 19 93  3  5 97 12  1 91  9 10 56 17 11 17 20  8 72 16 12 32 10  9 78
 5  1 38 17 18 44  6  3 69 15 20 21 12 16 80  2 11 40 11  8 50  3  9 76 16  5 72 20  7 88 18 14 14  7 19 39  4 13 26 19 12 66 14  4 85  9 17 90 10 10 72  1 15 90 13  2  3  8  6 12
17 20  6  3 17 51 20 13 62  5  2 10  9  6 10 12  1 34  2 10  9 15 12 65 18 11 93 13  8 11 14 18 61  4 15 50 19  7 27  8  5 11  1 19 57 10 16 79 16  3 13  7  9 29 11  4 68  6 14 61
15 20  3 20  7 12 10 14 26 11  4 19  5  2 63  8 13 40 13  6 65  6  1 56  3 11 73 18 18 10 12 19 19  4  8 52  7 10 84  9 17 28  1  9 35 16 16 65 19 12 58  2  5 87 14 15  9 17  3 92
15  7 49  1 12 39  9 16 88 13  8 33 11 10 42 10 18  1 19  4 89 18  5 67 20  2 22 17 13  5 14  6 53 16 15 71  3  1 64  8 14 80  5 20 23 12 17 86  7 11 19  2  9 65  4  3 55  6 19 90
12 11 45  7 12 24 17  2 72  3 17 49 16  8 63  6  7 70 13 20 86 19  5 47 10 18 19  4 10 57  5  4 61 14  9 50  1 16 30  9 14 44  8 15 77 18  1 17 20  6 84 11 13 99  2  3 54 15 19 47
18 19 67 20  5 84  2  7 38 13  9 93 10 14 29 14  2 36 19 15 90 11  4 98  8 12 84  1 18 38 17 20 21  9  8 82  4  6 59  3  3 68  7 16 85 12 13  2  6 11  4  5 17 30 16  1 19 15 10 79
18 17 32 10  9 34  8 12 26 20 14 77 14 16 20  5  8 68 16  3 77 12 20 14  3  5 65  2 19 16  7  1 43  4  7 66 19 15 49  6  6 52 17 18 39  9  4 65 15 11 83  1 10 34 11  2 25 13 13 49
 2 13 84  8  2 63 19 10 67 10  9 34 11  4 48  6 12 36  3 19  5  1 15 84  4  3 52 14  8 45  9 20 61 15  1 24 17 18 87  5 11  4 13 14 60 18  6 48 16 17 52 20  7 78  7 16 19 12  5 23
13  2 99  1  5 33  3  3 45  6 13 24 10  7 15  7  8 20 14 14 50 20 10 31 17  6 15  2 16 58  5 17 31  4  1 31 11 19 93 15  9 99  8 15 59  9 12 62 19 20 66 16 11 91 12 18 15 18  4 29
 3 16 97 14  2 94 19 18 74 13 14 67  2 13 44  4  1 53  8  7 57 17  5 73 20  9 92  9 10 99  7 11 77 12 15 84  1 17 82 16  6  3  5  8 61 11  4 61 15 19 39  6 12 11 10  3 23 18 20 80
 5 16 89  4  1 33 11  3 48  7  9 40 14 14 92  8  8 63  9  5 34 20 18 79 16  6 60 10 13 17 17 11 62  6 12 49 18 10 65 19  7 75 13  2 52  1 20 80 12 19 84  2 17 91  3 15 50 15  4 65
12 11 51  3 15 31 10  2 34  5 10 54  4  7 27 13 19 20 17 14 65  9  9 43 19  6 45  7 20 13 15  5 98  1  4 38  6  1 66 11 18 17 18 17 70 16  3 62 14 12 91 20 13 36  8  8 89  2 16  8
20  9 75  7  3 23  9 14 47  8 17 99  4  6 65 17  7 76 14 10 66 19 13 58 12 11 33  2  8 22 15 18 25  3  5 99 11 12 53  6 20 81 18 19 93  1 15 42 16 16 62 13  4 98 10  1 75  5  2 77
 5  4 78  3 20 93 20  3 92 17  5 54  8 15 39  4  6 52 14 14 60  2  9 71 18 10 47  7 13 86 10 16 94  6 11 97 15 19 68 13  8 88 16 17 25 19 18 61  1  1 70 12  2 49  9 12 23 11  7 54
 6  1  5 13  7 75 12 19 27 15  9 40  2 10 54 11 20 53 16  5  9  9 14 47  4  6 85 17 18 54  5  2 91 20 13 15 18 17 45  8  3 26 19 11 90  1 16 53  7  4  7 14 12 78  3  8 94 10 15  8
 4 10 19 16  9 56  8 12 69  6  3 66 14 13 98 19  7 34 15  2  1 20 18 40  1 19 74 10 20 43 11  4 73 12  1 96 17 16 80  7 17 87 13 14 78  5  6 88 18 15 90  2  5 49  9  8 85  3 11  3
 2  6 88 20  2 98 19 19 82 11 17 46 14 12 79  5 16 69  1  4 95 17 13 41 13  1 39  8  8 12  9 18  1  3  9 71 16 11 27  4 10 77 18 20 99  7 15 50 15  3  1 10 14 21 12  5 72  6  7 46
 5  7 20  1 18 62 14 19 33 18  4 79 11  3 56 10 20 67  2 15 23  6 11 56  7 13 44  9  1 56 20  8 15 12  5 15  8  9 16 15  2 79 19 16  8  3 12 73 16 14 86 13  6 52 17 17 79  4 10 62
10 12 93 13 17 86 11  6 44 19  9 80  2 15 18 15  8 79 17  3 63 20 14 94 16  7  9  4 13 86  5 16 89 14 20 12  8  2 66  7 18 55  6 10 70 18  5 35  3 19 14  1 11  3 12  1 54  9  4 62
 6 20 42 10 15 39 16 12 42 12  4  9  1  7 37  4  5 25  9 18 78  3 19 76  5  1 16 15 17 38 11 13 30 20  6 80 14  9 34 19  8 92 13 14 29  7 11 96  8  3 25 18 10 49 17  2 67  2 16 53
 7 15 20  1 17 52 19 16 29 17  4 51 12  9 35 16  2 38 14  8 18  5 13 43  6 12 46 10 19 98 13 14 73  8 10 68 11  1  3 18 20 98  2  7 68  3  6  8  9  3 15 20  5 88 15 18 72  4 11 20
 9 16 89 10 11 59 12 17 68  1 12 63 19  5 41 20 18 30 15  7 43 17 19 80  5 15 64  7  3 14 11 14  6  4 13 36  2  6 88  6  4 71 18  8 51  3  9 63  8  1 32 14 10 16 16  2 63 13 20  7
19 12 18 17  1 90  3 17 55  8  2 25  5  9 72  2  7 92 18 13 88 20 10 69  9 20 89 12  6 83  4 15 58 13  3 35 14 19 79 16  5 43  6 16 86 15 18 50 11  8 64  7 14 88 10  4 57  1 11 25
 7  8 73  9 11 18  3 12  4 11  2 69 16 18 40  5  4 28 14 15 37 13  1 42  2 13 82 15  6 83 18 16  2 17 14 41 12  5 13  8 19 75 19 10 31 20  3 66  4  7 72 10 20 66  1  9 96  6 17 45
15 19 29  2 15 49 12  3 96 13 16 50  1 12 38  7  8 80 10  9 90 11 17 36  3 13 50 17  7 76  9 14 15  5  2 31 16  6 89 14 18 87  8 10 55  4 11 49 19  4 23 20  5 19 18 20 38  6  1 93
19 20 75  4  9 45  6  4 75 16  3 72 10  7 65 17  8  6 11 18 16 18 10 24 15 16 24  1 17 44  5  5  4 13 19 22  3  2 99  2  1 10  9 12 85  8  6 79 20 11  2 14 15 54 12 14 80  7 13  2
17 15 58 18  2 33 16 14 92  4  9 93 12  1 94  8 17 34 10  4 36  5  6 48  9 11 54 14 18 12 19  3 19  2 20  2 11  7  7  7  8 60  1 16 36  3 19 11  6 13 97 13 10 57 15  5 71 20 12 60
14  2 20 17 20 68 15  7 53 11 17 54  9  9 59  5 13 16  1 19 60  4  1 68  7  5 65 10  4 42  8 18 57 16 11 16  2 14 92 20  3 99 13 10 82 18 12 91 12  8 12  3 15 19 19 16 59  6  6 43
13  8 20  4  9 84  8  2 24 12 19 80  9 15 60  2 16 82 14  1 62  7 13 32  6 18 29 11  6 20 15  4 76  1 12 78  3  3 78 17 14 42  5  5  3 18 11 30 10 17  7 19  7 82 20 20 62 16 10 13
17 18 84 19 11 22 13  4 78  2  6 80  7 20 58 10 14 53  8  9  6 20 10 85 16  2 23 11 17 99  1 15 83  9  5  9  4  7 72 12  8 88  5  1 84 14 12 87  6  3 78  3 13 65 18 16 23 15 19  7
12 15 35 11 19 94  5  5 33 18 16 10 13 12  6  3 10 85 16 11 88  7 18 18 15  6 94  2  4 92 14 13 28 20  7 33  8  2 93 10 17 11  6  1 25  1  3 67 17  9 44 19 20 28  4  8 69  9 14 67
 9 13  9  1 19 82 19  6 43 13 15 53  3 16 48 14  8 39 16  7 52  7 20 75 18  5 81  8  2 44  5 11 24  4 10 44 11 17 58 17  9 73 20 12 30 15  3 25 10 14 21  6  1 14 12 18  6  2  4 41
 1  2 19 13  9 21 19 16 36 16  3 72  3 19 96  2  5 32  8 13  5  6 17 46 11  7 61  5 14 82 18  1 91  4  4 42 17  6 97 12 10 65  9 20 78 14 12 40 15 11 93 20 18 64 10  8  8  7 15 56
 7  2 10 12 10 93  2 16 28 11 18 77 20  4 87 13  1 26 17 12 33  1 15 17 16  5  2 10 20 35  6  7 15  9 19 45  5  9 96  4 17 11 19  8 95 18  6 39  3 14 22 14  3 73 15 11 79  8 13 64
19  3 79 10  4 88  6 16 65 16  1 24 13  9 38  9 17 17 15  5  3  3  6 73  2 14 59 12 15 92  8 11  3  5 10 28  7  8 17 20 19 71 18 18 91  4  2 17 11 13 69 17 12 69  1 20 51 14  7 40
10 12 93 13 13 82  9  9 47  7 14 42 20 20 59 11  3  7  6  6 43  8  8 83  5 17 45  3  7 83 12 16 67  4  2  9 19  5 37 16  1 62  1  4 82 18 10 69 17 11 34 15 18 39 14 15 15  2 19 84
19 19 32  7 13 72 13  9 68 15 18 95 16  5 70 20 10 80  5  4 78 18 15 80 17 17 30  6  3 44  3 14 13  2  1 96  4 16 26  9  7  4  8 20 89 10 12 98 12  8 83  1  6  8 11  2 70 14 11 68
 1 20 37  9  5 20  6 19 35  2 16 99  7 12 27 19  1 12 15  3 73  4  7 92 16  8 98 20 13 75 17 14 75 18 15  1 14  9 35 12  2 73  3 11 35 10  4  6  8 10 38 13 18 34 11  6 70  5 17 51
16  5 16  4  4 78  3 12 58 13 15  9 14 16 97 10  3 55 12  7 38  6 11 65 18 20  1  5 17  8  7  6 27 17  9 36 20  8 50  1 18 21 11  1 32 15  2  6  2 14 34 19 13 84  8 19 50  9 10 39
17 16  4  9  9 94 19 19 49 20  8 20 16 13 98  3 15 64  6  1 41 14 14 29 13  3  4 15  6 90  2 10 57 10 11 47 12 20 63 18  7 54  7 18 57  4  4 83 11  5 18  5  2 38  8 12 74  1 17 83
 7  3  2  6 18 49  5  1 60 18 20 76 13 11 30  8 14 73 10 15 59 11  4 84 15  9 86 12  7 39  9  5 40  4  2 68  3 12 42 20  8 89 19 13 84  2 17 11 16 16 97  1  6 37 14 19 12 17 10 43
19 13 99 10  7 32 14 19 51 11 14  1 16  4  8 17 16 85  8 17 95  5  8 83 20 20 26  3  1 94 12 11 60 15 10 79 13 18 59  6 15 21  2 12 27  7  6 56  9  3  4 18  2 17  1  5 90  4  9 68