100 20 20
17 15 69  2 17 93  7 19 39  6 10 13  5 13 58  8 12 60 19 18 34  3 11 72 13  6 67 14  1 38  1  8 21  9  7 34  4  4 97 11  5 90 12  9  6 18  3 11 16 14 40 10 20 75 20  2 22 15 16 66
 3  3 13  1 13 14 19  2 16 12 11 95  4  8 28 11  1 90  9 12 76 20  9 47 14  4 95  8  5 86  2 18 75 18 20 49 16 10 16  7 19 53 15 15  2 10 14 23 13 17 88  6  7 86 17 16 85  5  6 28
 7 13 26 13  3 64 14  1 10  1 18 50 17  4 48 18 17 29  2 20 82  9 16 10  3 11 57 10 12 79  8  8 93 20  9 35 15  5 26  4 15 30  6  2  4 12  7 96 16  6 23  5 14 30 11 19 51 19 10 29
18  4 35 12 16 88  3 19  5 16  9 64 15  7 74 19 15 62  4 20  5  5 12 76  8  1 25 10 18 79  9  2 90 20 17 52  6  5 57 11  3 67  7  6 48 17 10 19 13 13 98  1 11 19 14 14 96  2  8 91
 5 17 88 13 19 92  9 10  3  8  3 39  7 11 57 14  4  8  4 16 86 10  6 37  6  9 78  1 15 30 19 20 24 11 18 65  2 12 74 15  8 26 20  5 30 17  1 67 16 14 41 12  2 29  3 13 56 18  7 93
13 15 87  7  8 22 17 17 43  5  3 70 10  1 33  6 19 62 11 16 40 18 10 54 19 20 68  2  7 12  4 12 36  8  2 63 16  9 19 20  6  6  1 14 23 14  5 42  3 18 77  9  4 36 12 13  3 15 11 91
10  3 29 17  5 29  7 19 11 19  7 12  1 18 66  9 11  9 11  4 34  2 20 97  5 17 64 16 12 20  3 15 23  8  2 53  4  6 83 13  8 48 15 10 67 14 13 73 18 16  3 12  1 31 20 14 45  6  9 25
15 17 78  7  4 57 12 15 16 19  6 50  6 11 18  9  8 86 16  2 71  4  9 54 20 12 69 18 14  5  2  7 74  8 18 69  5 13 97 14 10 89 17  5 50 10 19 65  3 16  1 13  1 55  1 20 44 11  3 90
 7 10 37  2 11  3  8  4 27  1  2 83 10 14 26 12  8 97  9  6 25 19 16 18 20 20 58  3  1 87 15 19 68 13  9 35  4  3 39  5  5 47 17 12 49  6 18  2 18  7 42 14 13 24 16 15 18 11 17 80
 3 15 86 11 18 28  7  3 29  2 14 26 19 19 43  8  2 23 14  1  9  9  4 49  6 20 57 16 12 26 18 13 77  4 10 26  1 16 71 15  9 85 17 11  3 20  5 43 12  8 90  5  7 26 10  6 81 13 17 58
 5  9 13 17 10 17 20  6 61 15  1 90 14  3 78 11 15  7 19 19 89 18 12 64  9 17  7 10  7  7  2  8 55  4 18 69 13 14 51  6  2 85  3 16 59  8 13 44 16 11 61  1  5 25 12  4 26  7 20 13
16  7  4  5 15 64  1 18 34  4  6 87  7 17 88 19  5 72 13 11 41  8 13 90  9  2 32 17  3 91  2 20 20 18  8  9 11  4 16 15 12 67 10  9 37 12 14 36 14 16 76  3  1 89 20 19 14  6 10 68
12 18 57 10 14 13 14  8 31 17 10  9 19 13 72  3 15 89  9  4 79 20 19 80  1 20 98  6  3 46  5 17  1 18  1 67  8  5 70  7 16 75 11  7 10 13 11  9 16 12 57  4  9 42 15  2 28  2  6 46
11 14 20  4 12 15 17 15 83  7  9 71  6  2 59 20  8 69 18  6 14 14 16 29  2  7 13 19 20 15 10 18 62 12  1 27  5 17 72  3  4 14  9 13 77  1 10 71  8 11 50 16  5 88 13 19 94 15  3 24
 9  1 72  2 17 30  5 18 24 13 13 72  6  5 57  7  8  6 20 11 41 16 14 68 19  3 66  1 10 82 15  9 83 11  2 96 17 16 92  4 15 21 12 20 63 10 12 68 18 19 69  3  6 27 14  7 76  8  4 45
 2 18 96  9 14 81 12  1 70  5 20 77  7 19 79 20 11 52  8 15 90 11  6  2  6  8 35 13  2 18 16  5 47 10 10 56  1  3 95 14 17 23 17  4 54 19 13 95  4 16 24 15 12 64 18  7 77  3  9 66
12 15 85  8  9 84  4  3 43  3  2  9 15  5 50  5 14 93 13 13 52  6  8 14 17 10 42 14 12 20 18  7 50  1  6 97 20 20 43  9 16 81 16 11 61 19 19 81  7 18 29  2 17 75 11  1 20 10  4 42
 5  9 87 13  1  8 12 13 34  6  7 57 10 11 34 19 16  5 17  8 15 18 18 82 20 10 32  4 20 88 15  4 14 14 14 62  2  5 32  8 17 81  9 15 65  3 12 53  7 19 31 16  2 98  1  6 34 11  3 27
15 19 60 14  5 43 12  2 30 11 18 24 19 14 61 13  8 40  9  7  7 16 20 15  6  6 50 17  4 10  8  3 12  7 13 42  5  9 69 20 11 12  1 12 84 18 15 24 10 17 87  3  1 69  4 16 45  2 10 37
 1  1 38 10 10 72  2  4 54  9 14 66  4 20 45  7  8  4  3  7 61 19  5 20 18  3 49 14  2 17  6 11 60 15 17 45 20 19 34 17  6 74  5 16 65 16 15 75  8 18 92 13 12 69 12 13 40 11  9 26
12  6 69  9  1 30 16 13 18 10  4 88 19  9 49  6 10 68 20 20 25  4  8  1  5 17 95  1 19 25  3 12 77 13 15 61  2 18 42  8  5 65 11 16 99 18 11 81 17  2 84 15 14 33  7  7  8 14  3 21
 4  1 26 20 13 58 13 14 91 19  9  7 16  4 95  6  8 91 12 19 91  2  2 14 15 10 46  7 15 49  5 16 62  8  6 88  1 12  2 17 18 12 11  7 68  9  3 99  3  5 46 18 20 35 10 11 87 14 17 53
 8  3 60  3  4 54  2  5 99 10 12 59  1  6 10 16  9 34 18 15 67 11  8 31 20  1 52  6 10 53  4 14 21 15 17 92 19 13 33 12  7  8 14 18  9 13 16 51  7 20 44  9 11  1  5 19 69 17  2 83
 2 12 17 14 17 86 13  8 51  6 13 95 16 20 40 11  6 32 15  4 84 19  5 54 18 11  3 20  1 31 12 19 46 17 18 87  3  2 45  7 10 62  8  7 10  1 14 19  5 16  3  9  9 69 10  3 51  4 15 56
 5 14 20  9 18 51 18  5 41 16  9 12  6  1  6 19 19 45  4 15 17 20 11  2  7  4 93 15  2 39  8  6 10 17 17 82 11 12 44  2 16 22 14  8  9 10 20 55 13  3 29  3 10  3  1  7  3 12 13 77
 3  8 78  2  9 43 14  7  9 17 10 84  7  5  1  8  4 11  6 14 59 18 17 97 16  3 23 11 13 83 10 18  3 19  6 89  9 15 34  4 19  4 13 11 94 12 16 10 15  2 90 20  1 16  1 20 18  5 12 55
 4  3 69 10 10 39 18  7 99 17  8 77 15 20 65  5 19 55  8  4 27 14 13 84 20 15 94  2  5  2 16 14 85  9  1 98  7 17  6  6 12 74  1  9 24 13 18 54  3  6 85 12  2  7 11 11 60 19 16 49
 2 13 92  4  4 59  1 12 26 18  2 97 11 17 87  7 16 28 17  7 81 15 19 46  5 10  4 14 18 82  6 20 49 10 11 99  8  9 92 19  3 55 12  5 38  9  8 23 16 15 97 20  6 42 13 14 94  3  1 95
19  9 93 13 13 31  5  3 91  7 16  3 15  2 30 14 15 28 20  6 56 11 17 21  4 11 51 16 19 22  6  4 51  9 14 65 17 12 71 18  7 81  3  8 56  2 18 45 10  1 41 12  5 26  8 10 52  1 20 88
18 17 97  2 14  3 13 16 32  3 19 16 12  9  1  6 15 13 17  2  8 11 12 50 20  1 66  7  5  5 14  6 93 16 13 78  5  8 90  1  7 25  8  3 83  4 20 40 15  4 83 10 10 67 19 18 59  9 11 90
20  8 91  5 20 50  9  3 22 10  9  9 14 12 12  8 14 28  3  6 28  4 17 40  7 13 43 18  2 29 16  5 65  1 15 30  2 10 14 15 18 33 17 19 50 13  7 91 19 11 19  6 16 50 11  1 86 12  4 83
11 16 13  4 15 49  2  6 30  6  7 43 12 18 46  5  3 67 20 12  6 14  2 77 13 17 87  9 20 64 15 13 92  7 10 96  8  5 76 17  9 42  1 14 39 18  1 17 16 11 46 10  8 61 19 19 17  3  4 29
 1  9 69  6 11 58 19 18 69 18  4 98 17 13 60  2  2 97  9 20 76 13  8 41  7  6 55  8  1 32 14  3 37 10 16 38 15  5 77 12 19  4 11  7 72 20 14 31  5 10 32 16 12 98  4 15 44  3 17 65
 8 11 16 15 17 84 14 15 60  6 14 88 19 20 20  9  5 60 12 18 92  1  9 91 18  1 72 20  6 58  4  4 15 17 19 37  3 10 51 13  8  9 16 12 15  2  3 14  5 16 73 11  7 93  7  2 79 10 13 63
 8  1 21 10  2 68 13 16  9 15  9 51 19 18 25  9  5 57  5  6 41 11 11 51  6 13 80  1 10 20 20 17 50 18 12 50 16  3 19 14 19 81  3  7  1  4 14  6 17  8 15 12  4 30  2 15 19  7 20 36
 2 19 64  5 18 76 20 11 40  4  3 32 17 13 77 10  4 62 14  5 52 16  7  7  6 20 97  8 15 40  7  6 29 19  9 35 11 14  7  1  1 59 15 17  1 12  2 65  9 10 92 13 16 39  3  8 56 18 12 93
15  6 29  2 16 54  9 15 41  4  8 54 11 18  7 12 19 85 13  3 74  7  2 79 20 12 72 19  5 79  1 17 31 18  9  9 17 10 76  3 11 54 10  4 44  5 14 39 14  7 48 16  1 17  8 13  4  6 20 13
 9 11 87 12 15 24 18 17 68 14 12 84 17  8 82  7  1  1  5 18  4  4  2 60  1  9 56  6 14 58 10 16 36 16 20 23 20  3 16  3  4 31 13 19 44 19  7 31 15 10 40 11 13 28  2  5 99  8  6 97
20  2 87 18  7 11 14 20 57  1 11  4  4  1 31 12  4  7 15 14 59 16 18 53  6 13 37  2  8 37  5 19 49  9  6  3  3 15  8 19  9 16  8 17 39 11  3 52  7 10 63 10 12  1 13 16 62 17  5 97
 4  4 13 19 13 53  3  6 70  8  3  6 10  9 29 18 18 66  2  8 84 16 17 88 20  5 83 15 16 20  5 11 92 14 14 92  7  2 90  6 10 85  1  7 12 13 12 17 11  1 27 12 20 14  9 15 20 17 19 35
19  2 10 20  8 81 17  3 50  8 16 16  9 14 90  1  9 89  3  4 56  7  5 58 16 13 60 11 12 99 18 20  1 12  7 61 15 17 10  6 19 29  5 10 65  4 11 27 10 18 37  2  1 42 13 15 50 14  6 17
 8  5 54  1  8 16 12  1 27 18 14 83  9  2 41 16  4 13  3 12 41 10 15  6 13 11 95  4 19 16 14  6 25  6  3 68  2 10 69  5 13 54 20  7 99 19 16 18 15 20 29 17 18 33  7 17 85 11  9 88
 3  8  5 16 10 51  9  6 41  2  2 28 18  7 13 12 17  8 11  4 25 20 19 47  4 11 44 19 15 93  5 18 82  8  9 38  7  1 55 10 13 43 13 12  6 15  3 15  6 14 60 14 16 48 17 20 61  1  5 74
20  9 73 12  6  4  3 15 65 17 12 34  6 10 53  8 20 14 16 17 13 15 14 21 11  5 28  9 16 54  2  8  5  5 13 75 13 11 17 14 18 95  7  4 57 10  2  8 18  1 37  4 19 64  1  7 61 19  3 43
 8  1 72 15  2 81  7  5 85 14 10 80 20 19 23 16 15 29 11  7 50  3  4 47 12  9 89 10 11 79 19 20 82 13 18 56  4 14  3  9 16  7 18 17  5  1  8 22  5 12 87 17 13 56  2  6 80  6  3  5
 6 10 60 10  5 81  8 11 99 15  6 27  5 15 32 20  7 69  4  8 62  2 20 70  7  4 85 14 18 80 13 19  4  1 13 62  9 14  5 16  3 49  3 16 37 17 17 26 11  1 12 19  2 41 12  9 79 18 12 62
11  5 60  8 20 49 19 11 98 20  9 60 16  8 69 10  7 56 17 17 70 12  6 85  7 10 50  3  3 38  4 19 99  5 13  9  6 12 32  9  2 88 14 14 68 15 16 45 13 15 30 18  1 43  2 18  2  1  4 83
11  8  4 20 12 60  6 11 40 13 19 88 12  4 72  7  3 72 10 14 71  3  7 74  9 15 88 19 16 44 15  1 73 17 17 75  1  2 10 16  9 33 14 13 40  4 10 17 18  6 17  2 20 69  8  5 94  5 18  1
 1 10 29  9  2 68 10 13 55  4  3 14 17  4 69  2 11 65 16 17 20 20  9 70  3 15 44 15 20 51  7  8  8 12 19 60 11 16 52 19 18 86 18  5 48  5 12 62 13  6 77  8  7 99  6  1 70 14 14  4
20  3 42  3  1  7 19  5 72 15 16 66 14 19 44 13 15 17  9  9 13 17  2 42 10  7 16  4 18  3  7 13 82 12 10 67 16  6 59  5 20  5  1 17 70 18 12 83  8  4 70  2 14 18  6  8 76 11 11 84
 7 10 87  4  5 67 11 14 66  6 20  1  9  4  7 14  6 51 12 11 36  8 13 19  1  9  6 16  7 46 20 17  5  2 16  5  3 18 34  5  2 30 18 12 49 13  8 69 10 19 68 15 15 48 19  3  3 17  1 67
18 16  1  8 10  4  7 14 25  5 12 81 14  7 33 17  8 98  6 17 99 13  5 69 11  1  7 15  3 35 19 19 10  9 15  4  1  2 34  4 20 78 12 18 80 16  9 66 10  6 36  2  4 55  3 13 49 20 11 68
 9 17 40 17  7 86  4  4 49 15  1 35  1 14 44 16 19  5  2 16  9 18 18 27  6  5 38 12  9 48  7  6 91 13 10 90 19  8 33 11  3 33  3 13 64  8 12 26 20  2 31  5 11 80 10 20 69 14 15  4
 5  1 19 11  2 65 17 15 53 18  4 61  7  5 23 15 19 75  2  7 51  3 12 50  6 16 25 10  9 71 19 17 49  8 11 88  4 10 92  1  3  7 20  6 94  9 14 69 14 20 88 13 18 28 16 13 31 12  8 22
 5 13 16  6  4 41 10 19 27  1  2 53  7  5 20 13  7 14 17  9 47 11 12 85 12  1 51 18  3 29 20  8  8 15 11 89 16 14 26  4  6  8 14 17 62  3 10 14  2 18 60  8 20 80 19 16 50  9 15 68
12  9 74  1  3 54  8  1 68 17 17 91  3 19 39 19 20 35  6 11  6  7 18 73 20  8 57 13 12 51 15 14  6 10 10 46  4 13 14 11  6 20 18  5 94 14 15 63  2  4 92  5 16 28  9  7 11 16  2 45
 2 14 56  4  9 23  6  4 85  5 15 52 14  5 17 16 10  6 18 18 57 20 12 91  8  8 91 13  7 11 11 17 20  7  6 27  3 13 90 12 19 26 15  3 72  1  1 40 17 20 34  9  2 24 19 16 16 10 11 41
19 12 93 14 17 57  1  1 57 12 20 30  8 15  9 16  8 10 11 13 16  3 14 73  7  4 98 15 16 49  6  6  6  2  3 27 10  7 70  5 11 10 20  5 90 18 10 69  9 18 55 13  9  1 17  2 45  4 19 35
 1 11 70 17  7 82 12 15 78  8  2 92 15  6 48 16  4 28 18  9 58 19  8 26  2 18 10 11 17 70 10  1  7 20  5 28  7 19 33 14 16 65  9 20 34  3 13 88  5  3 76  6 10 67  4 12  5 13 14 11
19 16 90  6 13 85  7 15 15 17 14 36 18  7 96  3 12 87 20 10 20  9 11 48 14  4 53 11  8 83  1 17 83  5  3 62 16  1 31 13 19 47 10  2 26  8 18 52  4 20 46 15  5 58  2  6 91 12  9 92
 8  6 74 12  2 88 10 17 99  2 12 79 16 18  8 11  8 55  1 11 94  5  5 60  6  4 21 13 20 32 14 15 55 19 13 49  4  7 25 18  1  6 17  3 14 20 10 20  7 16 98 15 19 72  9 14 62  3  9 81
16  9 80  2 15 22 10  1 61 15  5 29 18  3 37  8 17 35  1  8 15  9  2  3 20 19 63 13 16 45 12  4 16  3 18 98 17 11 94 14 14 48  5 13 55  7  7 16  4 10  2 11 12 68  6  6 81 19 20  5
20 13 91 11 20 19 13 17 40  6 16 60  9  5 55  4 12 64  5  2  9 19  6 30  3 18 72  2 14 55 18  3 89 14  4 77 16  1 26 15  7 40 12  8 45  7 19 32 10 11 35 17  9 47  1 15 90  8 10 64
 3 13 77 14  9 11 10  6 36 17 15 22 18 10  8 12  7 45 19 12 14  5  8 94  2  4 39 13 18 17  8  2  7  7 14 36  4 16 18 11 20 52 20  1 10 15  5 32  1 17 36 16  3 31  6 19 72  9 11 11
12  5 45  9 13 27  6  3 97  7 15 48 11  9 32  4  8 19  3 12 77  8 18 49 15  2 82 17  7  5  2 16 29 20 11 31 14 20 50 10 19  9 18 10 38  1 17 71  5  6 76 13  4 96 16 14 91 19  1 99
17  9 64 19  3 76 11 17  6  4  8  7  6  4 67 15 15 28  2  6 15 16  7  7 13 14  3  1 13 89  8 16 19 10  5 87 20 19 60 14 10 34 12  1 32 18  2 37  9 12 46  3 11 86  5 18 56  7 20 19
14 20 73  6  2 84 20  6  6 15 12 12 13 11 47 12  4 55 17 15 44 10 17 17 16 18 13 11  7 19  1  5 74  8 13 29  7 16 26  9 19 33 18  9 98  3  1 27  4  8 23  5 14 37 19 10 52  2  3 35
13 14 50 20 13 81  1 12 81 14  6 97 19  4 70  6  5 48 12 17 52  7 11 89 17  3 89 16  8 10 11 20 49  3 15 48  4  9 73  8  2 11 10 10 81  5  7 81  9 19 88 18  1 59 15 18  7  2 16 61
 1  2 77  2 15 81 18 18 83 16 19 35 13 11  6  8  1 10  7 13 16  9  5 64 20 17 40 17 14  5 11 20 45 14 10 74 15 16 92 10  7 76  3 12  4 19  3 53 12  9 82  6  6 43  5  4 37  4  8 63
 1 12 71  3  3 40  9  8 24  5 17 36  6 19 26 17  5 52  7  7 54 14  1 82  2 10 37 10  4 66 18 11 48 15 15 23 20  9 58  4 18 50 12 13 15 19 16 40 13 20  9 11 14 31  8  2 74 16  6 50
16 15 93 15 19 41  6  5 76 13 11 13 14  3 18  7 18 32  3 17 24 20  1 83  8  4 99  5 13 93  2 20  8  4  9  8 10  6 46 18  7 26  9 10 73  1  8 90 19  2 68 12 16  7 11 12  8 17 14 28
 8  5 57  2 19 27  3  1 39  4 12  3  6 13 52  7 10  1  1  4 68  9 18 26 19  2 72 14 17 50 15  6 69 10  3 61 18 15 33 11 20 70 13 14 48  5 16 42 12  8 52 17 11 26 16  7 62 20  9 15
18  6 13  8 15 42 12  3 35  1  9 17  6 18 68  7 20 71  5  2 30  3  1 36  4 13 10  2 16  6 17 19 17 16 12 44 13 10 27  9  4 97 11  5 71 19 17 57 15 14 89 10  8 44 20 11  1 14  7  7
19 16 77 16 15 60 11  2 17 12  8 46  8 20 62 17 17 70  3  4 64 13  7  2 10 13 41 20 10 20  2  1 67 18  6 44  7  3 35 15 18 38  4 11 68  6  5 66  5  9 17 14 19 28  9 14 35  1 12 98
 5  3 63  6 12 86 20 18 85 13  2 62  2  5 39 16 19 65 12 11 16  4 14 47 14  4 61  9  8 28  8  9 86  3 15 94 19 13 52 11  6 96 18 20 53 17  7 27  7 16 35 10 10 61  1  1 78 15 17 88
 1 12 91 14 20 27 13  3 28 16 16 89 20  9 53  7  6 87  6  5 36  2 13 33 18  1 55  3 15  7  4 10 94  8  2 92 17 18 46 10 17 68 19  7 12  9 11 69 15 14 48  5 19 80 11  8  6 12  4 54
11 13 52  9  7 65  1  5 37 18 17  6 16  3 14 19 19 29  3  2 56  4 11 44  5  1 83 10 14 53  7 18 92 14 16 42 13  8 10 20  6 54 12 10 55 15 20 26  6 12 49  2  9  3 17 15 77  8  4 29
10  9 87  6 13 43  1  2 48 20 16 71  8 18 54  7 14 61  9 15 23 12  3 76 18  7 85 19 19 70 16 11 47  5  5 61 11  6  7 14  8 13 13  4 52 15 20 33  4  1 83  3 10 60 17 12 57  2 17  7
11  1 74  1  9 93  4 19 59 13  6 46 16 18  7 12 12 84 19 17 56  2 15 58  5  5 45  9 16  4  8 20 97 18  4 15  3 13 18 17  3 73 10  8 37 15  7 94 14 11 20  7 14 69  6  2 13 20 10 26
10 15 48 13  1 71  6  2 96 20 13  5  5  3 42  7 19 15 19 12 64 17  4 36 15 20  6 18  9 74  9  8 87 11 18 89 12  7 28  8 10 81  2 11 47  4 14 53  3 16 67  1  6 78 16 17 14 14  5 92
 4 16 94 13 19 26 10  4 68 15  2 36 12 13 79  1 14 71  5 10 94 18  1 28  6  8 25 11 12  2 16 11 99  8  9 65  3  3  9  9 17 52 20  6 10 19  7 55 17 18 20  7  5 67 14 15 69  2 20 16
 4 20 10  6 16 54 20  6 47  5 17  4 16 18 66 13  1 33 18  4  9 10  2 53  1 19 30  3  3 29  9 10 33  8  9 64 19 11 17 14  5 81 15 12 42 17  7 60 11 14 14  7  8 95  2 13 36 12 15 95
16  7 37 17 13 85 15 17 48 18 16 74 10 11 76  4  2 68  6  4 77 12  9 14 20  6 91  8 10 69  5  8 86  2  1 16  1  5 34 11 20 83  9 18 79 19 12 89  7 19 22 13 14 74 14  3 58  3 15 71
 9 18 22  1 20 36  3 10 53 15 13 80 12  4 53 16  6  1  8 19 57  4 11 68  7  1 26 17 16 26  5 15  4  2 17 83 11  5 26 20  8 54 13 14 16 10  7 88 18 12 16 14  9 61 19  2 41  6  3 54
14 11 98 18 17  3 12  6 84  2  5 11 17 13 55 19 14 18 20  2 67 13 20 62  5  7 17  4 19 31  9 10 16 15 18 99  7  3 46  8  9 40  3  4 54 11 15 27 16  1 71  6  8 95 10 16  9  1 12 46
 5  2 57 15 20 86 10  1  7 13 18 16  1  8 70  7 13 15 18 19 71  4 12 41 20  5 83  2 17 14  3  9 30 17  4 24 11  7 95 14 10 41  8 16 53 12 14 84  6 15 55 16  6 54 19 11 42  9  3 75
 7  6 55  2  5 57  4 19 62 20 11 23  5  4 28 11 18  3 12 14 83  9 13 88  8 20 11 13  2 68 19 15 78 18  1 63 14 12 21 17  9 64  1 10 91 15  3 75 16  8 53  6 17 35 10  7 77  3 16 29
15 14 68 16  5 92  6  7 89  1  4 49  2 12 47  4  6 33  3 13  4 14 18 58 18  3 18 19  9 33 12 15 25 10 10 86  5 20 55  9 16 68 20  2 56 13 17 43 11  1 23 17 11 15  7  8 88  8 19 28
 9  5 41 11 13 87 18 15 75  1 12 77  6 19 49 16  8 52  4 17 80  2 14 25 17  3 94 12 20 55 20 16 40  5 10 29 10  9 27 14  6 70  7  7 76 13  1 19  8 11 67  3  4  9 15 18 10 19  2  8
 2 11 83 11  4 49  6 15 70  1  1 62 15  8 70 10 16 38 13 14 68 12 19 46  9 17 77 19  7  9  4  2 72  3 20 82  8  5 78 17 13 12 20  9 98 18 18 98 14  6 46  5  3 79 16 10 88  7 12 11
20 10 36  5 18 67 18 20 97  9  5 22  1  7 53 13 16 21  7 15 22 14 14 17  4 13 43  3 17 60  8 19 60 17  3 77 12  4 32 16  6 51  2  2 31  6  1 65 15  9 18 10  8  3 11 12 31 19 11 12
10  7 35 15  4 54 14 17 44 19 20 10  1 14 43 12 18 77  3  6 40  9  3 98 11 13 69  5 19 33 13 16 72 16  9 42  6 10 20  7  5  2 17 12 50  8  2 67  4 11 81 18  8 95  2  1 39 20 15 45
18 12 82  6 15 50  9  9 89  1 19 77  2 17 63 19  8 44 11  2 42  3 13 40 20  6 86 10 20 84 13  5 62 17 10  6  8  1 46 14 18 40  7 11 75 12  4 89  5  7 11 15  3 13 16 14 89  4 16 71
18 11 69  2 19 86  1  1 60  3 13 92  7  4 56  6  5 88 14 15 80 16 16 18  9  9 75  8 18 66 15 17 51 19  2 16 12  8 60 20 20 38 11 14 43 10 10 94  4  3  3  5 12 53 13  6 80 17  7 96
 1 18 70 20  5 66  9 12 83  5  1 82  8  9 83  7  7 70 19 14 22 12 16 94 14  2 46  6 20 57 13  8  6  2  3 28 17 15 71 11 19  9 15 11 27 18 10 88  3  4 90 16 13 72  4 17 43 10  6 16
18 13 36  2  7 44  6 18 41  7  9 37  8 20 80 10 12 84 14 17 86 19 15 91  3  5 24 12  1  3  4 19 43  9  4 27 16  2 46 20 14 67  1 16 89  5  8 10 13 11 63 17  6 33 11 10 14 15  3 95
 2 19 61 14  7 66  6 12 68  4  9 46 10 18 27  3  5  5 16  6 17  5  3 64  8  2 10 18 16 74 11 17 83  7 13 35 19  1 39  1  4 97 13  8 99 12 14 77 15 20 98 17 15 88  9 10 51 20 11 31
20  4 88 14  9 24 19  7 34 10  1 44 12 14 29  6 12 37  2 13 23  1  6 15 16  5 50  7 10 56  5 16 42  3 15 72 11 19 46 13  3 24 15 20 17  8  8 42  4 11 92 18  2 77 17 18 44  9 17 10
 7 19 36  2  8 48  4 17 57 18  5 13  8 12  3  6 11 40 17 14 85 14 20 26 19  7 23  5  1 59 16 13 85 20  6 80 10  2 86 15 16 94  1  9 34 12 15 73  3 18 48 11  4 76  9 10 53 13  3 65
20 19 32  1  7 41 18  2 84 16 13 27  5 12 30  6 15 44  4  6  6 11  5 58  7 10 24 13  8 76 17  9 36  8 16 66  3 18 12 15  4 62 14 14 29  2  1 69 10  3 60 12 17 35 19 11 34  9 20 41