100 20 20
16  3 77 10 19 97  8  2 56 14  9 34 12 13 77  5  1 72  1 20 85 19 12 46  9  5 10 17  6 83  7  4 58 11 16 91  4 15 55  2  7  7  3 11 82  6  8 97 18 14 85 15 18 20 13 17 79 20 10 85
 6  5 97  7 15 15  1  8 40 14 16 26 19  4 85 16 20 45  3 19 14  8  3  5 11  7 89 15  9 83 13 17  6 10 14 20 12  1 25  4 12 11 17 13 59 18  6  3  9 18 17  5 11 74  2 10 71 20  2 92
12  9 95  7 10 73 11  5 97  3 18 29  9 15 87  5 16  7 17  7 46  6 17 20 16 20 69  4  3  8  8  6  9  1  8 76 18  2 25 10 14 24 19  1 74  2 19 54 13 12 74 15  4 15 14 11 23 20 13 40
13  9 22  5  8 24  9  1 64 11 12 42 17 11 61  4  6 64 20  7 88 10 10 46 19 13 53  1  3 37 12 20 29  3 19 90 16 15  7  8  4 95  7 17 21 14  2 12  2 14 47 15  5 26  6 18 48 18 16 34
20  1 14  5 16 86  3 17 89  6  6 22  2 13 68 18  9 46 15  5 81 14 19 62  8 10 13  4 12 30 17  8 62  7 14 38  9  7 56 16 11 61  1  3 92 13 15 14 10 20  3 12  2  7 19 18 15 11  4 12
 8 10 98 14  2 73  2 18 69 15  5 90  7  4 40  6 11 20 11 12 37  4  8 32 13 20 26 18  9 59  9 16 19 12 13 35 16 15 97  3  1 68 20 19 95 17  6  7  1  3 68 19 14 61 10 17 86  5  7 16
12  9  2 20 10 14 18  7  7 17  1 20  9 11 38 14 13 67 13 15 41  6 18 34 11  5 23  4  8  2  2  3 78  1 20 26  5  2 52 16  4 79 15 14 69  3  6 22  8 17  1 10 16 62  7 12  9 19 19 61
16 12 37  9 18 62 11 20 34 12 10 84  4 14 67  1 16 84  8 19 62  5 15  6  3  7 42 13  9 45  2  4 14 17 13 24 19  5 57 10  8 45 15  6 85  6 11 68 14 17 33 20  2 70 18  3 92  7  1 88
 6  9 46  1 13 91 15  8 45  4 10 85  3 15 76 17  6 84 14  1 54 12  4 96 18 12 22  7 19 46  2 20  8 13  2 85 16  7 61 10  3 39 11 14 74  5  5 10  8 11 65 19 18 89  9 17  1 20 16 56
 3 20 38  7  5 89 12 13 62  5 19 77 20  9 71 16 14  7 10  3  1 11  2 97 14  8 69  9  4 99  4 16 31  8 11 33  1  6 82  2 18  7 13 10 40 15  7 14 18  1 64 19 12 95  6 15 43 17 17 73
 2  3 50 16 12 85 11  6 55 13  7  1 20 10 26  6 20 20 12  8 46 18 19 24 15  4 78  8 14 23 19  2 80 10 15  1  1  1 57  3 13 70  4  9 18  9  5 19 17 17 50  5 18 82 14 16 65  7 11 88
 9 10 34  4 15 73 14 13 27 17 19 22 20 18 22 15  2 34 16  9 99  1 20 16  3  6 87 19  4  5  2  8 98 11  5 38  5  7 86 18 11 26 13 12 46  8  1 66 10 17  6  7 14 50  6 16 57 12  3 92
 6 11 13 12 15 94 20  3 65  5 18 20 13 16 36 14  8 32  3 10 98 16 19 31 10  9 51  2 13 51  8  4 90  7  6 23 18 20 72  4 12 40 19  5 34  1  2 74 11 17 21  9  7 52 17 14 63 15  1 86
18 11  9 16  2 43  6 15 75 17 14 25 14  3 41 13 10 53  1 20 29  4  1 87 15 17 36  3  4 20 12  9 23  7  6 53 20 12 93 10 18 49  9  7 56 19  8 52  2  5 58  8 16 86  5 19 63 11 13  3
15  3 79  1 11 23 10 12 93  8  6 40  3 13 40  5  2 35  4 17 90  9 19  7 14 14 88 16  8 90 19  1  6 12 20 90 20  4  2  7  5 66  2 15 50 13 16 78 17 10 31 18  9 35  6 18 72 11  7  5
18  1 11 14  2 61  5 20 25 10 10 70 13 11 10 17 13 38  2  8 46  7 15 39 12  9 46  9  6 39 11  3 81  1  4 53  4 19 63 19 17 52  8 12 85 16 16 74 15 14  1  6  7 71 20  5 61  3 18 56
14 18 30 11  3 83 15  6 66  5 11 27  1 10 76 10  5 40  4  2 41  2 14 13 18  7 34  9 17 52  7  8 76  8 15 83  6 20 87  3 12 58 17 19  3 16 13 44 12 16 80 20  1  6 13  9 17 19  4 19
20  1 58 19  3 88 10 13 79  9 20  1 17 15 42 13  5 38  2 14 72 12 16 10  7  2 75 14 17 44 15  9 40  3 19 12  6 11 42  4  4 97  5  8 63 16 10 21  8 12 36 18  6 22  1 18 62 11  7 68
16 18 32  2 14 92 18  5  4  9  1 33  6 16 28 11  3 13  8 15 20  4  9 42  5 17 87  1 13 61  7 19 89 19  7 25 14 10 90 15  8 97  3  4 69 13 12 38 10 20 97 17 11 27 20  6 88 12  2 41
16 16 24  7  5 65 13 13 79 19  4 27 11  1 68 20 20 40 18  8 51  5 19 65  8 11 98 10  2 88  1 15 61  9 10 20  6 12 79  4 14 22 12  6 31 17  3 35  2 17 85 14 18 11  3  9  3 15  7 57
 4  8 26 15 10  9 12 12 44  1  1 86 18  3 83 14 16  6 13 15 60  7  9 27  2  5 90  6  2 95 17 17 27  9 14 10  8 20 16 10  7  3  3 11 79  5 13 38 19  6 67 16  4 21 20 19 63 11 18 14
 4 13 85 16  1 80  7  6 85 18  4 21  8  9 55  2  7  6 17  2 30 19 19 75  6 18 60  9 10 88 10 16 97 12 12 51  5 17 67 15  8  5 14 15 53 11 20 55 13 14 68  3  5  7  1  3 42 20 11  9
 3 19 93  5  8 90 20 13 83 18 18 20 19 14 67  7 11 79 12  9 71 17 20 73 11 15 73  8  6 34  9  2 61  4 16 56  2  5 47 10 10 11 14  1 10 13  3 37  6  7 33  1 17 88 15 12 46 16  4 58
 9 16 58 11 18 50 15  9 40 20  4 48 18 14 75  4  7 38  5  2 48  8  1 87  6 19 63 10  6  4 19 17 21  2 10 63 13  3 68  7 12 77  3 15 53 17 11 14 12 13 89 14 20 76  1  8 22 16  5 41
16 10 10 20  7 20 14 16 72  4 14  2 18  9 99  5 13 30  3 11 16  6 17 61  9  4 27 19  2 26 10  1 72  1 15 68  8  5 41 13 20 69  7  3 16 12 19 69 17 12 43  2 18  5 11  6 30 15  8 33
 8  6 27 11 18 54  9 14 42  2 11 13 19  1 72  1  8 79 13 19  4 17  9 50  4  5 36 18  4 56  6 12 28 20 16  2  5 17 16 16 15 46 14 20 48 12  7 53  7 13 50 10  3 49 15 10 40  3  2 44
14 19 43  8  6  9  7 20 84 18  5 12  2  4 13 19 13 12  4 11 99  3  2  2 15 12 30 17 16 29 13 10 44  1 17 46  5  1 88 20  8 15  6 14 56 12  7 48 10 15 39 16  9 73 11 18 87  9  3 76
 3 16 43 11 20 86 12 18 88  4  8 18  5 12  7  9  7 54  1  9 58 14  4 80  7  3  4 10 14 35 15  2 37 13 17 54 18  5 76  8 11 76  6  6 42 20 10 10 17  1 21 16 19 37  2 13 50 19 15 95
19  4 95  6 13 86 17 20 42  4  6 51  7 19 32 13 17 20  5  3 12 20  7  4 15  8 45  9 16 34 18 11  9 12  5 19  8 12 52 14 15 13  3  1 97  2  9 17  1 10  3 10 18  7 16 14 87 11  2 83
18 20 41 19  9 72 13 11 67 12 13 39  3 10 40  2 17 38  4  5 79 16 15 20  7  4  8 17 19 30  1  1 43 11  6  2 14  3  9  9  2 42 20 18 94  5  8 25 15 16 52 10  7 57  8 14 58  6 12 59
19 11 80 12 15 66 18  7  5 11 10 56 20  5 73  8 14 39  3  2  2 16 20 96  2 19 60  7  8  6  1  1 65  4  3 58 10 18 63  6 13 82 14 17 91  5  9 25  9 12 97 13  4 67 17  6 33 15 16 46
19 16 21 13 11 56  4  1 32  6  8  1  1  2 14  5  6 10  9 15 36  3  4 43 20  5 84 16 17 59 14  9 95  2 19 92 18 14 54 15 10 34 11 18 38  8 13 80 10 12 73  7 20 86 12  3 99 17  7 72
20 13 51 10 16 66 16 18  6 14  6 95  7  5 82 15 19 90  2 14 90 19 12 40  9  1 47  5  3 84  6 17 88  1  2  4 17  9 98 18  7 19 11 10 21 12 15 65 13 20 11  3  4 24  4 11 88  8  8 75
15 14 10 13 12 65 17 15 51 19  7 33 14 19 67  8 13 22  3 11 16 20  4 26 12 20 17  6  2 97  2  9 27  9  6  8  4 17 79  7  5 18  5  1  8  1  8 84 10 18 55 11  3 94 16 16 10 18 10 87
 1  2  8 14 15 99 12 17  1  3  6 36 15  5 92  4 20 14  2  1 72 17  3  5  9 14 68 11  4  3  6 16 68 20 18 23  5  9 49  7 12 35 10 19 48  8  7  1 18 11 29 13  8  2 19 10 14 16 13 30
 6  9 14  1  6 91 18 16 71 11 12 97  3 18 86 17  3  4 19 17 82  8 19 98 14 14 37 20  1 83 10 15 48 12  8 10 13  7 42  5  2 97  2 11 57  9  4 90  4 10 99 15 20 68 16  5 13  7 13 88
 6 20  8  7  6 72 11 10 85 14 12 26  8 15 57 13  1  1 10  3 99 19 18 67 15 13 31 20 14 54  2 19 25  5  2 46 12 11 95  3  7 56 18 17 48 17  9 28  9  8 67 16  5 86  1 16 30  4  4 82
18  6 93 20 17 80  4  9 80 11  4  1  3 10 95  7 19 24  2 15 79  1  2 43 19 18 69 10 16 38 16 13 84  5  3 45  9 12 53  6 11 48 13  5  9 12  7  9 15 14 39 14  8 79 17  1 83  8 20 50
 5  2 24 17  4 49  6 13 81 14 11  5 18  5 70  8 12 89 12 10 91 19 15 25  7 17 80 15 20 36 13 16 75 20 18 48  4  8  6 10  1 32 11  7 68 16 14 23  3  6 44  2  9 21  1  3 42  9 19 13
 3 16 74  8  7 31  2 12 62 12  2 91 18 17 65  6 13 66 17 11 26 10  6 96 19  9 97  5  3 51 16  5 49 13 14 26  1 15 35 11 19 64  9 18 55  7  4 78 15 20 72  4 10 83 14  1 59 20  8 16
16  1 92  6  2 68 19  3 64 13 19  4 10 17 76 18 14 82  3 15 70 15  4 75 14 10 65  1 18 31 11 12 55  8 13 58  7  7 37 17 16 32  5  8 31  9  9 65  2  5 65 12 20 85  4  6 50 20 11 94
 5 15 37  4 18 20 11  3 94  9  2 20  3 17 31 10  7 30  8 14 49  1 13  8 16 12 22  7  9 47 17 19 81 19 11 68 20  8  2  6  1 69 12  5 38 15  6  7  2 16 81 14  4 79 13 10 76 18 20 94
16 18 65  7 14 11  2 17 98 10 10 38 15  1 95  9 12 93  5  8  9 11  3 21 14 16 17 20  4 79 13 11 64  3  2  7 19 15 94  4  6 29  6 19 77 12 20 75 18  9 50  1 13 78 17  5 57  8  7 29
19 20 66  8  7 93 14 19 74 16  9 73  6 18 80  1  5  8  4 11 26 11 12 87 18 17 69  9  1 85  7 15 49 13 13 59 17  4 91  2 14 59 12  2 25  5 16 44 20  3 50 15 10 41  3  6 33 10  8 89
16  5 79 15 10  3  8 12 54 17  2 82  1 17 63 14 15 31 12  3 15  9 19  2  2  1 67  3 14 71 13 11  4 18 13 20 20  9 23  6  4 33 19  7 65  5  8 44  7  6 57  4 16 20 11 20 93 10 18 23
11  6 18 13 18  8 10 10 72  1  9 54 18 15 18  4  2 93  9  8 43 20 16 18 16  3 56 17 19 21 15  1 58  2  5 25  6  7 34 14 20 89  3  4 54  8 13 89  7 12 12  5 11 51 19 17 74 12 14 78
 3 11  4 16  9 72 12 17 81 15  7 92  6 14 69 13 15 35  8  2 25 18 20 35 14 18 10  1 13 33  2 10 33 20  1 84 17  5 75  9 16 66 10  8 49 11  4 77  5  6 87 19  3 44  4 12 37  7 19 67
 4  6 33 19 12 75 17 20 65 14  2 44 10 13 66 18 14 45  6  3 93 12 10 98 13 18 22  9 11 67 11  4 17  2 16 26 20 15 54  5  5 25  7  1 92 15 17 34  3  8 47 16 19 80  1  7 24  8  9 92
11  2 75 12 12 68  1  4 84  9  5 72 20  6 84  3 10 94 10 13 69 19 19 96 14 16 34  5 17 29  6  1 66 16  9 79  4 20 74  2 14 67 15  7 72 17  8 22  8 15 50 18  3 30  7 18 47 13 11 75
 5 14 43  7  7 44 18 12 71 14 15 61 19  3 54  4 11 99  8 10 11 10 18 97  3  5 75 20  6 81  1 13 35 17  1 75  6 19 99  2 20 72 13  4 92 16 17 90  9 16 26 12  8 91 11  9 70 15  2 82
 8 13 13  5  1 45  9 20 82 14 11 58  1  7 38  2 16 19 20  8 66  7 14 23 19 17 49 10  6 19  3 10 82 17 12 74  4 15 40 12  5 33 16  4  9  6  9 33 18  2 26 11 18 44 13 19 18 15  3 73
14 10 41 18  3 96  5 20 39 17  6 91  6  1 89  3  5 11  8 15  1  2 19  2 15 12 69 12 14 10  4 16 25 16  7 32 19 11 41  9 17 14 11  4 67  7 18 25  1  9 94 20  8 89 13 13 21 10  2 98
11 16 92  2 10 72  7 20 57  8  2  4  3 12  1 16 19  2 15  7 84 20  1 91 17  5 42 10  4 85 14  9 29 12  8 98  1 13 41 18 14 87 19 11 52 13 17  9  6  6 22  5  3  2  4 18 79  9 15 73
 8  6 16  1 11 22  3 16 97 13 20 13  6 17 19 10 19 13 17  5 50 16 18 43 19 12 91 11 14 34 18  4 91 15 15 41 20  3 47  4  9 61  9  1 66 14  2 31  2 13 92 12 10 42  7  8 19  5  7 98
18  8 36 12  7 29  6  4  8 19  6 25 17 16  5 10 12 90  5  1 62  1 10 63 15 17 17 20  5 23  9  3 69 16 18 78  8  2 61  2 11 52 11 15 40  7 20 71 14 13 40  3 19 61 13  9 93  4 14 37
10  4 32  5 17 48 15 10  7  1  6 37  2  7 69 19  3  4  4 15 79 16 18 81  3 13 10 13 11 75  6 20 90  7 12 16 11 14 68 18  9 32  8 16 96  9  8  7 20 19 42 17  2 52 12  1 38 14  5 68
17  2 72 18  8 78  3  5 10  9 11 61  4  9 40  7 17 31  6  4 81 19  6 69 15 10 84 16  3 27 13 14 91  5 18 17 11 15 75  2 20  7  8 19 44 10 12 10 12  7 32 20 13 78  1 16  9 14  1 69
16  5 45  7 12 87  8  1 90  3 16 50  4 20 42  2 10  2 18  7 21  9  2 62 11 11 93  5 14 88 20  6  4  1 17 78  6  8  7 13  4 41 12  9 65 17  3  3 15 13 43 10 15 21 19 18 54 14 19 22
19  7 33  9  8 69  2  3 12  6 12 56  8 14 15  4 10 46  1  6 32 13  5  3 20 18 85 14  9 39 15  2 11 10 19 65  3 17 81 12 13 65  5 20 30  7 11 30 17  4 64 16 15 19 11  1 19 18 16 45
20  6 58 10 11 57 19 14 31  1 15 19  6 16 79  5  3 26  3 19 84  2  7 14 18 13 50 16 10 54 12  9  4  8  4 71 15  8  4 17 18 85 11 20  8  7 17 79 14 12 62 13  1 87  4  2 10  9  5 42
 8  8 54  9 20 79  7 12 59  6  7  1 11 10 92 20  3 57 18  4 58 14 11  1 15  1 86 10  9 99 17 16 81 19 13 45  2 19 57 13  5 44  4  2 73  3 15 67 12 14  4  5  6 36  1 17 59 16 18 28
 4 17 13 13 15 39 20  1 34 14 16 25  6  5 47 16 12 64 15  9 86  9 13 83  2  8 47  8 18 52 10  6 94  7  2  6  1 14 42 17 19 54  3  7 25 18 10 12 11  3 47 12 11 74 19 20 61  5  4 89
16  5 95  9 10 34  3 15 65 14  8 90 18  7 66  8 19 60 11 20 29 10  6 25  1  9 14  5 12 71 12  3 25 17 13 25  4 11 24 15 17 51 20 16 97 13  4 56  6 14 56 19 18 62  2  1 95  7  2 72
19  6 10 15  1 56  1 17 23  5  7 87 20 12 76 11  2 25  2 15 74 18 18 80  9 16 31 12  3 42  7 20 86  4 11 11 14 14 83 16 10 34  6 13 48 13  4 61  3 19 41  8  8 17 10  9 58 17  5 55
17  7 17 11  6 75  1  3 92 19  1 44  7 12 88 15  9 25 12 14 38 13  8 69  8 19 19  9 11 11  5  5 41 14  4 83 10 13 57 18 15 54  6 17 83  3 10 61  2 16 52 16 20 92  4 18 19 20  2 89
 1  5 47 14 11 70  4 18 96 10 14 42 16  3  1 18 15 14 20  2 12  9 19 94  2  6 49  3 16 39  5  7  3 13 13 89 12 20 15  6  1 98 15 12 20 19 10 87 17  8 16  8  4 57 11  9 12  7 17 98
16  4 46  2 18 88  9 11 38 14 15 58 12 16 89  1  2 43 20  8 50  6  7 19  3  3 54  8 17 11 19 14 39  5 20 11 11 19 84 18  6 87  7  1 63 13  5 51  4 10 38 17 13 61 15 12 64 10  9 26
 4 16 63 13  7 19  5 14 87  1  4 23  8 10 14  9 11 87  2  5 45 15  6 67 16 12 35 19 15 93 10 18 77 17 19 92 11  1  8 12  3 75  3 13 71  6  9 38 18  2 96 14 20 83 20  8 58  7 17 43
 3 12 69 16 15 14 18 19 34 15  4 15 10  6  3  5  8 56  4  9 66 11 16  5  8  3 23 14 17 41  9  1 21 19 13 50 13 18 58 17  7 80  2  5 13 12 20 60  7  2 22  1 11 83  6 10 92 20 14 44
20  2 50  6  3 84  9 19 47  3 18 92 18 17 16  2  4 33 19  8 40 16 10 99 13 15 86 14  9 57 11  6 54 15  1 83 10 13  9  4  7 44  7 14 86 12 16 55  5  5 94  1 11 97  8 12 22 17 20 79
18 12 68 13 15 12  2  2 32  7 13 41 16 11  5  4  9 82 17 16 27 15 18 54  9  7 63 14  3 88  6 19 44  3  6 23  8 14 58 12 17  1  1  4 83 11  5 52 19 20  2 10  1 41 20  8 99  5 10 59
 2  5 53  5 15 46 15 11 99  8 17 97  6 18 49 11  8 94 19 19 42  3  6  1 16  7 65 14 14 30 17  4 46  7  1 36  1 12 70 20  9 81 10 16 35  9  3 21 12 10  5 13 20 83  4  2 22 18 13 62
 1  9 50  2  2 98 18 20 60 12  6 53 17 19 83 15  7 29 10  8 35  9 16 94  3 12 26  6  3 37  8 17 23 16  4 91 14 13 23  5 10 33  4  5 14 20 11 62 11 15 68  7 18 40 13  1 77 19 14 87
16 20 89 15 18 30  7 17 87  2  8 25 17 13 74  6  9 54  5 10 55  4 11 95 18  3 60 10  1 21 12  4 47  8 15  1 11 16 38  3 14 17 20 19 42  9  6 11 19  2 30  1  7 74 14 12 56 13  5 41
11  2 28 17 12 27 18  5 43  6  7 23 20 20 48 12 18 53 10 19 70 19  3 59  8  4 35  7 14 85 15  6 54  3 13 55 13 16 60  2 17 84  1  1 63  9 10 47 14 15 91  4  8 99 16  9 99  5 11 69
15 10 59  2 19  7  9  7 38 13 16 81  1  4 26  7 11 47  6  1  8 10  3 11 12 18 21 17 17  6 20  2 70  3  8 79  8 15 30 18 20 16 11  9 51 14  6 55  4 14 18 16 13 24 19  5 55  5 12 47
14 15  8  2  6 68 20 14  3  8 17 20  1 10  8 12 13 30 13 20 66 18 18 53  7  8 11 11  2 62 17 16 20 10  7 12  9  3 52  3 11 88 16  4 91 15 12 38  5 19 25  4  5 88  6  9 20 19  1 26
 5 16 89 11  8 21  3  5 84 15  7 54 17  3  7 10 18 79  8 17 98 19 20 58  6  6 60 12 10 60 20  4 84 18  2  9 14 14 34 16 19 62  7 11 11  9 15 60  2  1 43  4  9 52 13 12 77  1 13 37
10 18 15 13 10 43  8 12  8  4  7  5 11  9 36  1  5 56 19 17 46 14 20 51 17 14 86  3  4 86 20 15 61  9  1 56 15  3 60  6  8 78 18 13 73  5 19 12  7  6  8 16 11 16  2 16 12 12  2 63
18  1 31 17 17 62  2  3 97  5 20 53 20 15  1 16  8  3  4 19 99  7  9 65 10  6 63  1 16 32  6  7 86 15 12 53 14  5 59 19 11 12  9 13 34  3  4 27 11  2  2 12 10 86  8 18 85 13 14 21
15 17 58  6 10 70  7  2 55 11  7 77 12  4 15  1 11 20 18 19 32  3  9 42  5 18 17 19 12 38  9 14  3 20 13 13 14  3 67 10  6 13 17  1 63 13  5 88 16 15 68  2  8 21  4 16 21  8 20 86
16 17  7  7 18 91  1  9  8 15  6 56  8 11 92  9 20 58 19 12 94  5 19 54  6  1 57 11  2 87 17  4 29 18  8 74 13 16 89 14 15 18 10  5 38  3  7 75 12 10 18 20 14 15  2 13 95  4  3 11
 5 20 24  7  2  4  1  8 12  8 16 17  9 10 34 18  7 35  4 12 62 20  4 90 19  3 48 12 15 21 14 13 11 17 11 14 10 14 90 16 17 74  6  6 67 11  9 91 13 19 70  3 18  8 15  1  7  2  5 49
20  5 13  3 11 78  2 19 75 17 16 80  5  1 31  7  7 22  1 20 99  4 12 66 12 17 80  9  6 66 16 10 97 18 14 63  6  4 11 15  8 71 13  3  1  8  9 63 10 18 70 14  2 33 11 15 74 19 13 76
15  3 86 16 19 87 12  4  9 10 13 18 13 17 51  1  9 27  3  8 48  9 12 31  8  1 45  4  5 76 20 18 19 19 10 64 11 16 94  6 11  4 14  7 81 18 20  5  5 14 72  2  6 30 17 15  2  7  2 16
 8  9 38  9  6 93 19 17 15 20 15 17 13  4 61  3  3 71 18  8 18  5  1 22 12 13 17 11 20 20  7  2 61 17 19 66  2 14 62 15 12 70  1 11 59  6 10 80 16  7 82 10 16  2  4 18 97 14  5 76
 8  8 72 11 16 90 13 19 74 17 11 95 19  5 41  7  4  9 15  9 46  4  1 20  6  2 78 18 10 32 14 14 61 20 17 90  2 12 37 12  3 86 10 15 15  1 13 19  5 20 62  9 18 82 16  7 86  3  6 59
 2  2 92  9 19 89 10  7 82 12 20 48 17  9 13  1  5 29  3  3 28 11 18 45  4  1 84 15  4 62 19 12  7  5  6 86 20 11 79 18 17 67 13 14 85 14 15 68  6 13 94 16 16 61  8 10 47  7  8 49
12  1 50 16  5 55  1 15  3  6 14 18  9  6 79 10  8 32  2 12 43 19 17 97 18 18 53  4 16 44  7 20 20  5 10 50 17  2 72 11  9 90  3  3 25 13 11 24 20 19 43 15  7  4  8 13 26 14  4 62
 2  4 42  3 16 77  6 20  9 10  8 61 16 11 19  9  1 69  5 17  9 18  6 60 20 12  5 17  3 54 14  2 45  1 14 73 12 13 50  4 15 58 11 18 94 19 19 90 15 10 97  8  9 42  7  5 36 13  7 72
 5 14 84 11  5 33 14 15 44  4 18 59 13  2 47  8  7 40 18 20 81  3  1 85  1  9 26  6  6 28 19 10 67 16 11 46  7 12  9 17 17 40  9  4 81 15  8 97 10 13  7 20  3  2  2 16 69 12 19  9
 3 11 17 20  9 81  9  8 81 15 14 46  2 10 26 14  6 30 16 15 88 13 13 73  4  3 44  1 18 99  7  1 16  8 16 62  6 20  3  5  2 30 17 19 16 12 12 40 11 17 62 18  4 96 10  5 75 19  7 69
19 20 86 16 19 90 17 14 93  9  4 15  2  1 30 13 17 46 15 12 50  6 10 29  4  2  9  1  6 97  3  8  5  7  9 73 10  5 54 11  7 81 20 15 26 18  3 36 14 18 35 12 16 56  5 13 62  8 11 31
15 18  2  6 17 23  7 14 60  3 13 12  1  8 88 14 16 38 19 10 95  9  3 65  2  6 86  5  5 64 10  7  3  8  4 99 20  1 81 11  2 93 17 11 82 18  9 17  4 19  1 12 15  1 16 20 32 13 12 36
 7  6 30  2 16 62  6  5 90 18  9 20 16 20 98  9  1  3 15 13 66 12 12 75 13 10 79  8 17 67 20 15 52  3  4 76 14 14 79 10 19 63 19 18 52  5  3 23 11 11 35 17  7 22  4  8 58  1  2 13
 9  9 26  5 13 68 10 11 84  6  5 16  2 14 28 20  8 28 17 17 54  1 19 76  8  2 86  3  7 47  4 18 74 13  6 34 19 15 68 14  1 37 16 10 26 18  4 48 12 20 29 11 16 24 15 12 60  7  3 98
16  2 54  5 17 97 17 19 19 20  6 99  9  3 62 15 10 46  4 15 25  8  4 53 14  5 11  6 16  4  1 20 15 19  7 92  3 12 41  2  1 63 10 14 87 12 11 67  7  9 77 11 13 89 18  8 65 13 18 17
12  2 24 19  5 67 11 17 10  6  1 87  9  8 91  8 19 58 16 12 52 17 16 26 15 10 33  7 15  3  1 13 71  5  9 48 20 14 94  3  3 74 13  6  4 14  4 99 10  7 16  4 20 97  2 11 22 18 18 90
16 20 61  9  7 90  8  1 25  3 17 25  7 10 56 12 16 27 18  6 92  6  9 67 11 19 89  4  5 84 20 11 55 17 13 44 14  4 89 19 15 71 13  2 54  2  8 50 10 14 35 15 12 87  1 18 23  5  3 21
 4 19 31 14  2 53 16  5  9 10 10 72  2 13 21 15 20 93  6 18 77 11  4 35  7  7 99 19  3 35 13  1 80  3 12 34 12 17 59  1  9 44  8 11 51 18 16 58 17 15 72  5  6  2  9  8 26 20 14 58