15 15 15
 3 14 84 15 12 91  8  7 37  5 13 61 12  8 27 10 15 43  2  9 81 14  2 62  9 11 40 13  4 75  6  1  7  1  3 59  7  6 10  4 10 28 11  5 28
 1 13 79  2  8 73  7  9 93  3  5 10  4  3 13  9  1  8 14  2 20 13 15 79 11 11 49  5  7  4  8 12 62 12  4 31 15 14 97 10  6 16  6 10 98
 2 12 62 12 11 81  6 15 13 10  2 63  8 13 59  5 14 91 14 10 74  1  9 73  3  5 93  9  1 48 13  8 23  4  7 13 11  4 77 15  6  7  7  3 22
15  8 20 13  4 89  1 12 97  2  2 97 10  5 58  5  3 51 11  1 28 12  9 67  7 10 21  4 11 53  3 15 18 14 13 86  6 14 41  9  6 23  8  7 16
 7  1  9  1  3  7  9  7 20  3  5 62  8 11 56  6 13 33 14  8 88 15  2 81  2  6 86  4  9 16  5  4 21 11 14 28 10 15 81 13 10 43 12 12 78
 8  9 36 15  5 97 11 15 19 12  6 58 10  1 16 14 13 74  7  2 89  3  4 68 13  7 16  1 14 85  2  8 17  4  3  3  5 12 45  6 10 55  9 11 70
 7  7 35 14  4 91  1  8 65  4 14 31  5 10 42 10  3 76  8  9 74  2 15 63 11  1  4  6 11 39 15 13 57 13  6 72  3  5 57  9 12 46 12  2 15
11  7 86  1  2 55  7  3 95  4 14 41  2  8 34 13 11 83 14  1 27  9  5 73  6  6 53 15 15 68  8 10 65  3 12 83 12  9 96 10 13 95  5  4 21
10 15 73 13 13  9 14  3 79  9 10 24  1 12  4  4 14 42  3  5 96  5  7 97 11 11 43  6  2 56  7  4 40 12  6 59 15  9 69  8  1 69  2  8 78
 1  3 39 13 12 98  2  7 79  5 10 24  4 14 86  8  6 22 14  9 91 10 15 85  7  2 42 12 11 19  6 13 52  3  8  2 11  5 68  9  4 78 15  1 24
 5 14 68  7 10 13  9  9 75 14  5 14 11  3 43  3 12 55 12 13 20  1 11  3  6  7 39  8  2 39  2  1 57 13  4  8 10 15 25 15  8 55  4  6 56
11  9 23 15  8 13  6  6 86  2  7 25  8 11 73 10  4 51  3 10 16 13  1 11  1 12 95  4  2 45  7  5 73  9 13 18 14 15 32 12 14 91  5  3 65
 5 12 99 11 15 96  1  8 60  8 11 88  3  6  1 12 14 53  7  4 28 15  1 52 10  5 56  4  3 99 14  7 51  9 10 16 13  9 53  6  2 77  2 13 59
 2 13 80 13 12 96  5  2 33 14  7 61 11  9 69 15  5 33  3  3 96  6 15 69 10  1 96  4  4 68  8 14 68  1  8 48  7 10 61  9 11 27 12  6 45
14 11 84  5  3 45  4  2  9 13 13 54  7  6 46  3  4  9  8 15 84 11 12 70 15  5 67  9  8 14 12  7 38  1  9 46  6 14 73 10  1 72  2 10 61