15 15 15
 1 12 44  8  2 36  6  4 38 10 11 61 11  6 84  9  8 74  7  1  5 12 10 28 15  9 86  5 14 43 14 15 40  3  5  4 13  7 89  2 13 67  4  3 92
10 12 82 14  5 22  2  8 15 15 11 55  7  1 31 12 15 13  9  6 86  1  2 30  4  3 39  8 13 95  5  4 83 13 14 92 11  7 14  3  9 48  6 10 34
 6  1 66 13  8 72  1 15 57 15  7 48 10  9 14  7 10 23  2 11 22  5  3 24 12  4 93 11 14 80  3  2 15  8  5 47 14  6 77  9 12 64  4 13 76
15  7 40  2 14 91  7  2  4  5  5 70 12 12 75  8 13 82 11 11 88  6  4 79  1  8 97  9  9 60 14  1 45  3  3 50  4 10 76 13  6 91 10 15 91
 1  5 11  9 15 87 10 12 53  6  3 23  5 14  5 14  4 80 13  7 95 11  2 84  4  9 93  7 11 33  8  1 25 15  8 21 12 13 65  3 10 71  2  6  3
12  2 65 10 15 14  7 14  8  9  9 36  5  4 23 14  5 21  6 11  2  3  7  8 13 10 50  8  1 21 11 12  9  1  6 77  2  8 48  4 13 29 15  3 40
13  1 40 12 15 73 10 12 32 14  8 18  1  7 34  9 13 16  4  4 66  5  9 27  6 11 54  7 10 72  8 14  5  3  3 83  2  2 98 15  5 97 11  6 81
11 15 31  6  7 38  1 12 52  7 13 91  5  2 77 15 11 23 13  3 27 10 14 95  8  4 85 12  6 42 14  8 26  4  5  7  2 10 83  9  1 98  3  9 40
12  3  8  8 10 41  7  9 16  2  1 34  3  2  9  6 13  8 10  5 16  9  7 96  1  4 39  4 15 91 13 12 26 14 14 17 15 11  4  5  8 89 11  6 92
 1  8 74  5  2 54 11  5 89 12 15 78  8 10 10 13  3 64  3  9 91 10  4 78 15 12 75  9  6 17  7 13 71  6  7 91 14  1 44  4 11 95  2 14 51
14 13 81 12  6 89  1  9 38  3  4 61  2 11 61 10 14 36  6  2 66  9  3 14 11 10 38  8 15  5  5  5 75 15  7 52  4 12 26  7  8 82 13  1 53
12 15 21  1  8 64 10 10 93  9  1 11 13  7 36 14  4 13 11  3 42  6  2 56  2  9 81  5 14  6  7  6 30 15 11 20  4 13 57  8  5 40  3 12 92
 3  1 92 10  2 37  1  4  9  2  9 81 13  7 74  6 13 55 15  6 34  5 14 34  7  8 35 11 11 14 12 10 55  4 15 86 14 12 94  9  3 86  8  5  9
15  2 53  1 12 33  3 13 84 14  6 80  8  9 95 13  5 44  5 15 26 10  8 66  7  4  3  2 14 99 12  3 81  4 10 54 11  1 16  6  7 28  9 11 38
12  9 33  1  2 14 14 13 26 10 14  6  3 10 27 13  1 56  9  5 53  6  3 83 11  7 69  4  8 68 15 15 17  2  4 82  8 12 28  7  6 22  5 11 27