20 15 15
 6 13 62  3  8 60  2  9 93 11  4 16  1 11 10  5 10 72  9 14 88 15  5 69  7  2 58  4 15 41 10  1 46  8  3 63 12 12 76 13  7 83 14  6 62
 6  5 50 11 11 68 14 12 90  1 13 34 10  7 44  9 15  5  2  9  8 12  1 25 15  6 70  8 14 53 13  2 78  3  3 92  7 10 62  5  4 85  4  8 70
13  5 60  1  4 64 10 13 92  4  3 44 14  7 63  7 10 91  6 14 21  8  2  1  3 12 96 15  9 19 12  8 59  9  6 12 11 15 41  2  1 11  5 11 94
12  1 93 11  4 46  6  7 51 14  8 37  2  5 91 10  6 90  9 14 63  8 10 40  4  2 68  7 13 13  1 12 16  3 11 83 15  3 49 13  9 24  5 15 23
 3 12  5 15 13 35  4 15 21 11  5 14  7 11 66  2 14  3  1  9  6 14  1 98 12  3 63  5  6 64  6  8 76  9 10 94  8  2 17 13  7 62 10  4 37
12 12 35 15  6 42 14  9 62  6  3 68  5  7 73 10  2 27  2 10 52  7  4 39 13  8 41  1 15 25  3 11  9  9  5 34 11 14 50  4 13 41  8  1 98
13  8 23  4  4 32 11 13 35  9 11 10  5  3 29  8 14 68 14  2 20 12 10  8 15 15 58  2  6 62  3  1 39  1  5 32  6  7  8  7  9 33 10 12 91
 9  8 28 14  5 31  6  2  3  1  3 28 12 15 66 10 13 59  5 10 24 13  7 45  2 14 81 11  6  8  7  9 44  3  1 42  8 11  2 15 12 23  4  4 53
 3 13 11  6  9 93  5 10 27  4  2 59 10  8 62  2  5 23 12 15 23 14  1  7  8  7 77  7  6 64 11 14 60 15  4 97  1  3 36  9 12 53 13 11 72
 2 12 36 11 14 98  5 11 38  3  4 24  1 15 84  8  9 47  7  2 72 10  8  1 12 13 91 13  5 85  6  3 68 15  7 42  4  6 20 14 10 30  9  1 30
10  5 40 15 10  1  4  9 76 12 12 71  9  6 53 14  1 28  6  8 17  7  4  7 13 13  7  2  2 78 11  7 62  8 11 93  3  3 14  1 14 11  5 15 30
 5  8 84  6  6 84  4  7 55  8 13 39 13  5 82 11 12 60 15  9 74  1 15  2  3  2 90 14  4 33  2  1 87  9 10 81 12 11 39 10 14 15  7  3 87
 6  6 93  1  3 73  5  8 88  7 14 29  4 10 16 12  1 96 10  2 43 15 15 89  3 12 43  2  4 97  8  7 41 14  5 93 11  9 84  9 11 87 13 13 75
 5  6 58  4  9 58 11  2 53  7  8 32 12 10 73 13 15 34 15  7  5 10 11 74  9  4 46  3 13 98  8 12 47  6  1 60  1  3 81  2 14  5 14  5 57
 5 11 79 12  7 38  9  6 30 15 14 98  4 13 37  8  9 68 10  3 58 11 15 96  2  2 16  7  5 80  3 12 21 13  1 29 14  8 27  1  4 25  6 10 49
 7 13 60  3  7 83  9  1 18  4 10 45  8 12 64  5  5 79 14 11 42 13 15 84  1  2 15  6  8 13 12  3 77  2 14 66 11  6 15 15  9 17 10  4 12
 3  6 23 11 13 90  9 10 74  4  8 85  5  5 59  1 15 46  6  3 70 13 12 22 10  9 26 15  7 18  8  2  3  7  4 94  2  1 75 14 11 11 12 14 33
15  9 82 13  8 59  7 14 38  2 11 48 12  4  5  4  7 27 10  3 67 14  1 21 11  2  9  8 13 28  5  5 37  3 15 11  9 12  9  1  6 50  6 10 45
 2  1 82  9 10 61 12  6  6  8  9 14  6  2 99 10  5 39  4  7 53  3  3 73 15 12 96 14 11 58 13 15 50  5 13 86  7 14  2  1  4 34 11  8 28
 5  7 58 15 12 31 13 14 83  9  3 21  2  1 34 14 13 83 10 10 28 12  5 26  7 15 85  1  2 97 11  9 53  8  4 39  3 11 99  6  6 79  4  8 21