30 15 15
11  8 40  8  3 38 12 14 27  9  6 47 13 11 98 14 10 70  1  4 83  6 12 39 15  2  2 10 15 16  5  9 53  7  5 39  2  1 97  3 13  7  4  7 42
13  2 98 14  9 40 10 11 93  3  3  8  1 15 58 15  1 33  9 10 47 11  5 55  5  7 73  2  4 89  8  6 85 12 14 19  6 13 81  7  8 14  4 12 64
11 15 31  4 13 18  2  8 45 13  3 32 12  6 60  6  7 62  9 12 64  5  5 88  7 10  5  1 14 34 10  1 24 15  2 90  3  9 28 14 11 72  8  4 66
10  8 14 13  9 12 15  7 90  2  5 19  6 12 28 12 11 54  7  3 57  5 15 57  8 10 45 11  6 13  9  1 97  3  4 44  1 14  9  4 13 26 14  2 46
 6 10 99  1 12  1  3 11 20 11 14  2  2  8 24 10  3 56 14  2 80  5  4 85 12 13 51  4  9 56  9  7 74  7  6 83 13  1 23 15 15 35  8  5  9
 5  6 55 13  9 12  7  3 29  1 10 49  3  5  2 12  4 36 11  8 70  9  1 60 14 15 23  2 13 42  8 12 21 10 11 57  6  7 89 15  2 56  4 14 36
 3  1 80  5  8 41  9 11  1 15 10 91 14  3 70 10  5 68 12 14 69  1  9 79  7 15 52 13  4 79  6 12  1  2  2 38  8 13 48  4  6 12 11  7 90
 8 12 61 11  8 51 12 11 31 10  7 10 14 13 30 13 14 47  4  5 58 15  4 21  1  1  7  2  2 53  5  6 70  3  9 35  7  3 35  6 10  5  9 15  8
 9  1 30 12 13 31  2  8 36 13 15 95 15  9 75  1 11 14  5 14 45  4 12 43 10  6 64  7 10 96  6  3 99  3  7 16  8  4 73 11  2 33 14  5 96
 1 15 38 14  9 84  5  5 21  4  4 70  3  3 39 15  1 55  7  8 52  2  2 70  6 10 15 13  7 24  8  6 36 12 14 46  9 11 44 11 12 57 10 13 32
 3 15  7  1  8 90 14 14 24  8 11 42 15  3 12 13  5 67 12  1  5 11  9 34  6 10 54  5  2 94  2  6 77  7 12 14  9  7 15 10 13  2  4  4 20
 1 10 24 13  1 35  3 12 52 15  6 47  2  3 96 14 11 15  7 15 33  8 14 31 12  5  5 10  4 94 11  9 18  9 13 18  6  7 11  5  2 91  4  8 52
 1 12 53  6  9 76 11 15 15 10  2 71 13  5 11 15  6 71  3 11 26  8 13 10  9  1 37  7  7 30 14 14 21  5 10 51  2  8 62  4  3 66 12  4 17
 9 10 76  8  1 75 15 13 66  7  6 72  2  8 17 14 11  3  5  5 68 10  7 10 13  3 84 11 12 93  3  9 86  1  4 53  4  2 74 12 15 55  6 14 63
 1 12 51 14 13 28  3 14 65  2 10 31  6 11 85 12  3 43 13  7 51  8  6 71  5  9 70  4  8 14  9  2 46 15  1 60 11 15 37  7  4 82 10  5 59
 7 11 74 13 14 73  6 13 86 15  2 59  5  3  3  3  1 91  8 10 24 10  7 47 11  6 18 12  5 42  9 15 40  2  4 43 14 12 33  1  9 18  4  8 85
15  7 88  7 14 99  6  1 30 11  4  2 14  2 56  8 11 51  3  6 95 10  3 25  5 15 48  4  8 30  9  5 86 13  9 57  2 12 77  1 10 20 12 13 12
 9 13 91  8  4 54 10  7  7 12 15 98  4  6 87  6  2 19 14  5 26  1 11  6  3  9 57 15  8 88  7  3 64 13 10 53  5 12 11  2  1 58 11 14 24
13  5 36  1 11  7  2 12 35  7  2 64  5  4 12  4 10  1 14  3 25  6  6 70 10 14 47 11  7 48  9 15  8 12  8 42 15  9 72  8  1  3  3 13 25
14  6 72 11  2 55  6  9 90  1 10 62  3  7 58 10  3 49  9 11 43 15  4 27  2  5 59 13  1 40  4 13 53  7 14  8  5 12 37 12  8  6  8 15 75
 3 13 64  8  6  3 13  1  4  9 10 49  2  2 19 10  8 28 12  9 41 15  5 16  7  3 56 14  7 57 11 15 21  6  4 77  4 14 58  1 12 36  5 11 93
 8  5  7  6  1 90  5 15 43 10  7 36 15 13 62 14 11 77  1  2 14  3 10 48  2  8 15  9  3 68 12 12 29  4  4 48 13  6 33  7 14 41 11  9 50
13  7 23 14 14 36  8  8 56  5  2 67  1 10 14  4  6 27  3 11 72  2 12 89 10  9  2  6  4 90  9  1  1  7 15 24 15 13 27 12  3 17 11  5  7
 1  7 45  8  8 24 13  3 11 12  4 63  3 14 54 10  5 55  4 13 53 11 12 60  6  1  6  2 15 55  5  9 64 15  2 96 14  6 69  9 11 37  7 10 36
10 14 37 13  2 38  1  1 30  8  3 32 14  6 79  3 15 94  4  8 78 12  9 23  5 13 52  9 10 86  2  4 30 15 11 82 11  5 32  7  7 68  6 12 46
 8 14 85  9  1 73  4 11 44 12 10 19 14  7 88  3  4 53  5  8 45  6  2  2  1 12 40 15 13 35 13  3 55  2 15 76  7  6 68 10  5 83 11  9  2
15 15 32  8  4 48  4 13 45 14  5 53 10  2 33  3  9 71  5  1 33 11  7 49  2 11 92  6  3 97 13 14 42  9 10 85  7  6 29  1 12 74 12  8 22
 8 10 72 12 12 59 13  8 40 11 15 60  4 14 81 10 11 49  9  7 29  3  2 55 15  1 98  2  9 69  7  4 67  6  5 65  5  6 50  1  3 43 14 13 58
 3  3 67  2 11 34 15  9 94  7  6 69  9  1  5 10  8 55 11 12  1 12  4 79 13 10  9  8  5 11 14  2 56  5 15 33  4 13 15  6 14 72  1  7 24
14 13 70 10  7 81  1 11 70  6  9 42  5  6 51  8 10 91  9  8 88 11  4 43  4  2 59  3  3 43 13  1 76  7 14 95  2 12 37 12  5 24 15 15 39