30 20 20
 6  5 14 10  2  1  8  9 29  5  6 72 11  8  6 18  3 31 17  1 98 19 18 50  2  7 83 15 19  2  7  4 86 16 13 33 12 11 33  3 20 98 20 15 59 14 14 21 13 16 80  4 12 99  9 17 70  1 10 80
 3  2 71 12  8 47  6 19 96 14 18 56  4 10 78 10  9 53 13 17 10  2  3 92 15 20  1 19 16 33  7 14 29 17 13 85  9 15 89 11  7 10  8  6 30  5  4 38 16  1 38 20 11 48  1  5 16 18 12 65
19  2 90  6 12 73  7  3 88 13 13 46 20  8 47  3 20 37  8 18  9 12  4 49  4 19 23 16 11  1 18 14 78  5  5 39 14  9 15  2 15  9  9  6 41  1  1 35 11 10 83 10  7  8 15 17 61 17 16 60
17 18  1 10  1 73  9 14 47 20 15 46  4 10 10  5  6 37  1  3 60  7 19 84 12  9 26  3  5 11 13  7 37  2  8 79 18 12 75  6 11 49 11 20 51  8 13 22 16  4 49 19 17 33 14  2  2 15 16 24
18  4  3 17  5 73  2 13 68 10 15 21 15  6 61  3 12 69  7  2 94  6 14 43 20 20 39 11 18 48  5 19 81 19 16 46 16 11 21  4  9 23 13  1 86  8 10 19  9  7 64 12  8 52  1  3 22 14 17 50
 1 16 11  4  8 73  6 11 77 10 20 16 17 15 75 18 19 21 19  2 80 14 10 30 13  7 32  7  3 22 12 13 23  3 14 85 11  9 92 15 17 14 16 18 13  2  6 68  8  4 60 20  1 45  9  5 32  5 12 90
17 11 29  2 17 95  5  6 52 12 16 59  8  4 33 13  3 12  3  8 73 10 15 96  1  5 75  6 18 12  9 10 83 14 13  3 15 20 90 18  7 57  7 19  6  4  1 94 16 14 18 19 12 54 20  9 42 11  2 70
11  3 29  8 14 43  2  1 50 13 12 75  1  4 70  6  6 40  3 10 48 20 19  1  7 17 27 10 20 12  5  2 27 14  9 37 18 13 46  9 16 16 19 11 99  4  5 76 16 18 80 12 15 90 15  7 33 17  8 57
10 15 66 20  5 56  6 14 71 13  1 69 16  6 39  9 16 64  8  4 24  1  7 59 19  3 44 15  8 45  7  9 36  4 19 84 17 13 26 11 10 66  2  2 92  3 17 85 18 11 53  5 12 36 12 20 64 14 18 80
 3  2 41  5 12 49  1 15 36  2 13 17 16  6 14 13  3 69  6  5 21  7  9 36 17 19 24 18 11 96  9 14 81 11 10 78 12  1 43 15  7 52 14 17  7  4 18 66 10 20 69  8 16 69 19  8 89 20  4 10
 3 20 12  6 16 70  4  7  4 13 10 12  5  3 27 15 15 48 10 19 16  8 13 28 12  8  7 18  9 15 11 17 49 17  4 98  1 14 62 14  6 92  9  1 97 19 12 58 16  2 25  7 18 98  2  5 61 20 11  4
13 18 94  8 20 62 14 16 27 20  7 56  5  3 58  4  8 85 17 12  4  2 14 69  3  4 83  9  6  5  6 10 86 10  1 95 16  2 67  1  5 23 19 19 62 11  9 59  7 11 65 15 13 16 18 17 23 12 15 97
12 11 33 19 14 56 17  7 77  5  6 19 14 15 75  8  5 73  2 12 71 20 10 88  3 19 13 16 17 39  7 16 51 11  8 59  6  1 56 10  2  6  9 18 42 15 13 30 13 20 15  1  3 17 18  9 16  4  4 58
12 14 65 20 15 42  8 12 64 16 19  4 19 11 60  4  8 86  6  5 53 10  3 45 18 18 48 14 10 19  7  7 77 15  4 89  9  1 73  1 13 96 13 20 78  3  6 61 11  9 88 17 17 46  2  2 60  5 16 32
20  8 25  3  4 54 10  5 41 19 20 95  9 12 53 17 13 23 13 19  8  8 10  8 18  9  4  4 11 28  1  6 73  7  3  8 12  7 44  6  1 80  5 15 86 16 16 27 14 17 69 15 18 20 11 14  8  2  2 97
 7 10 47  8 16 34 18  3 32  9 19 59 15 11 72 17  9 56 16 20 54  4  2 23  3 18 77 20  4 39 11 12 15  6  1  1  5  7  5  2 14 85 13  6 57  1  8 84 14 15 55 12  5 75 10 13 54 19 17 61
 8 18 95 17 13  4  9 14 70  4 17 72 19 20 43  1  9 71 15 19 98 20  5 19 11 16 81 16  4 94  7  3 34 12 11 13 10 15 28  6  6 78 18  8 60 13 12 98  5  2 38  3  7 56 14 10 29  2  1 12
14 11  6 13  8 62  1 17  5  4  3 21 15 18 76 10 12  7 18 16 25 20 19 48  2  7 34  5  9 99 16 10 47  7  5  4 11 13 44  9 15 89 12 20 41 17 14 23  8  1 92  3  2 67 19  4 76  6  6 58
18 15  1 20  6 76 16  5  3 17 19 43  3 13 69  4  8 70  1  2 38 14 10 84  7 11 85  2  9 93 15  4 94 19 18 70 11 14 73  6 12 75  8 16 47 13  7 17 12  3 84  9 20 90 10 17 57  5  1 29
 2  9 97 18  1 95  8  8 91 13  7 47  6 18  8 12 13 83  9 10 96  3 17 65  7 14 75 17  4 62  1  6 56 20 20 83 16  3 75  4  2 69 14  5 84 10 16 59 19 15 11 15 19 43  5 11 58 11 12 25
 7 15 50 17  1 57 10  4 80  8  8 52 15 10 61  4 11 94 20  5 97 12  9 84  3 12 47 16 20 92  9 17 44  2  2  9 13  3 52 18 14 18  5  7 47  6  6  4 14 13 11  1 18 92 19 19 59 11 16  3
14 17 57  8 19 59 20  7 34  5  9 16 12 11 79  1 15 72  3 18  8 18 16 84  6  2 78  7 13 80  9  5 85 11  1 84 10 20 60 13 10 88  4  6 62 19  3 75  2  4 26 17  8 87 16 14 92 15 12 77
 1 16 57  8  5  6 10  6  4 17 12 15  6  3 86  3 13 68 12  9  9 16 11 83  2 10 96 13 19 76 15 17 38 14  1 28 19 15  4 11 20 74  5  7 67  9 18  8 18  2 61  7  8 47  4  4 54 20 14 14
16  5 14 20 20 52 12 13 18 18 18 74  2  6 99 15  9 44  5 14 28 17 19  4  8  3 31  6  7 91  1 10 91 13 11 69  9  2 48 19  4  6  4 12 47  3 15 58 10 16 30 11  1 65 14  8 25  7 17 21
10  9 82  3  1 96 16 13 67  9  6 87 19  2 92 15 20 47  1 11 11  6 15 26 14  5 55  2 16  6  4 19 39 17 17 62 13 18  4 20  8 51 12  4 44 18 10 10  7 14 50 11  3 88  5 12 55  8  7 35
14 16 34 13  3 30  8  5 18 12 11 40 19 15 55  4 20 35 20 12 64 15 14  9 17  2 92 10  1 41  2  9 66 16  6  1  5  8 53  6 10  4 18 13 94  1 18 80  3 19 39  9  7 40  7  4 83 11 17 90
18 15 11  6  5 52  9  6 26 20  8 22 11 11 21 14  2 54 15 19 56  3 17 82  5 20 82 13  1 41  4  3 15  7  4 52 16 12  5  2  9 90 12 10 56 19  7  2 17 18 93 10 16  1  1 13 15  8 14  6
18 19 41 17  7 72  1 11 40  4 12 72 14 10 25 20 20 72 16  8 31 13 14 90 10 15 32  3  4 11  5  3 59 15  5 45 11 18 99  7  9 92  9 16 60  2 17 71 19  1 28  6 13 62 12  6 35  8  2 14
16  3 32  3  6 18  4  5 65  7 19 33 15  7 12 20 20  8 14  4 88  6 14 52  8  9  1 18 16 30  9 13 76  1 18  5 13 15 38 17 10 86 19 12 71 11 17 70  5 11 15  2  2 53 10  1  9 12  8 28
12  8 55  4 13 86 15 20 70 13  3  8 11 17 56 10  2 42  3 14 36  8 12  1 14 18 45  6  7 77 20  6 52  2  5 99 16 15 57 17 16 14 19 19 63  1  9 81  9 11 84 18  4 91  5  1 99  7 10 63