30 20 20
11 11 96 17 10 23  7 13 71  1 14 26  4  9 28 19  6 16 18  7 27  5  1 71  8 18 18 16 16 57 15  4 43  6  2  5  3  3 12  2 12 91  9 19 63 13  8 32 12 15 81 10 20 95 20 17 79 14  5 55
 8  8 45  2 10 60  6  5 73 16 20 23 11 14 44  3 17 92 12  6 20  1 16  5 19  2 72 20 19 73 15  1 63 17 13 93  4 12 63  7 15 79 18  9 10 13  4 66 10 18 27  5 11 93 14  7 24  9  3 26
18 18  8  6  2 69  3  5 29  4 19 66 20 20 97  1  6 80  2  3 87  5  8 68 13 10 23 19 16 54  7 14 16 12  7 68 14 12 32 17 11 74  8 15  3  9 17  2 15  9 71 11 13  4 16  4 67 10  1 28
12 14 46  4 13 96 16 20 11 15  8 41 14  7 93 13 17  2  6 12 98  2 16 10 20 19 43 11  4 65 19  3 27  7  6 57 18 15 75  8  5 87  1 11 81  9  1  5 10 10 91  5  2 92  3 18 87 17  9 66
10 15 36 15 13 67  5  6 88 17  8 92 16  9 27  7  7 13 13  3  7 14 10 95  6  2 66  8 16 13  1 14 90 12  1 33  9 11 78 19 20 76  3  4 93  2 18 67  4 17 82 18  5 94 20 19 12 11 12  5
 2  2 85 20 17 42  4 10  4 12 14  2  9 16 70 10  7 79 16 15 24  1  4 41  5  8 83  3 13 45 19 20 29 17 12  3 15  6 42  6  1  5 11  5 44  7  3 83 18  9 59 14 18 60 13 19 78  8 11 44
10 13 19  2  1 55  7 10 20  5 18 74 20 19 66 11  8 37  8 14 55  6 11 63 17 12 40  4 20 73 12 17 55 16  4 84  3  7 54 15  2 62 18  3  6  9  5 27 14  9 59  1 16  6 19  6 90 13 15  6
11  9 37 18 13 64  6  2 35 14 14 25 12  7 59 10  5 77 13 18 30  2 12  1  5  8  7  9  1 70  1 20  4  7 15 53 16 17  6  3  3 10 20 19 51  8 10 89 19  6 38 15  4 38  4 11 35 17 16 44
 1  8 99 17  4 88 10 15 52  9 19 16 16 17 99  6 13 28 13 16 11 20  1 76 19  6 51 14 14 35  4  2 60 12 18 44 15  7 39 11 20 66 18 11 49  5 12 40  3 10 34  7  9 80  8  3 38  2  5 29
20 12 31 14  6 32  1 17 40 11 14 25 17 13 40 19 19 85  5 15 39 15  7 61 12  5 15 13  8 41 16 20 93  7  2 64  3 11 16 18 10 81  6  3 97 10 18  9  2  9 21  8 16  8  9  4 55  4  1 79
 8 15 76 10  4 79 17 12 61 12  8 68 13 14 99  2 16 24 11 20 23  3 13 92  6  1 91 20  7 22  9 17 80  5  5 30 15 10 67  4  3 58 14 19 45 19 11 29  1  6 48 16  9 28  7 18 64 18  2 63
 7 14 80  3  4 23 20 11 93 19 20 55  5  8 48  6 16 22  8 17  7 11 18 16 14 19 90  4 15 93  1  3 21 10 10 59  2  6 33 18 12 59 16  2 45  9  5 35 12  1 20 15  9 91 13  7 49 17 13 44
 4  5 80 13  8 32  7 10 16  2 16  7 14 13 22 11  2 10  3  9 79 17 19  3 10  7 87 15 20 56 16  4 73  8  6 12  6 15 79  9 14 45 18 18 96  5 11 75 20  3 32  1 17 81 19  1  7 12 12 19
 8 19 99  5 15 74 20 17 10 13  3 95 19 14 16 17 16 49  2  7 65  9 10 23 10  2 96  7 12 89 12 13 34  1  5 87 15  6 56  4 11 61  3  9 53 16  1 37  6  4 45 18 18 80 14 20 30 11  8 60
 7 16 37 12  6 51  8  4 13  1 12 97  4 18 29  2 15 73 18  3  7 13 14 62 19 20 86 14 17 29  5 11 46  9 13 11 10  5 19 16 10  3 15  2 34  6  1 46 20 19 23  3  7 27 17  9 42 11  8 75
15  4 54  6 19 96  2 18  3  3 14 85 13  7 72  9  3 15 14 17 81  7  1 63 20  8 15  4  6 16  5 12 74  1  2  2  8 20 21 11 15 97 19 10 61 16  9 25 18 11 38 12  5 86 17 13 79 10 16  2
 5 18 88 18  8 55  8 20 16 17  6 21 14 19 99  7  5 67  2  1 42 20  7 31 19 11 15 12 15 44  6  4 33 10 16 51 16 14 91 11  2 77  3  9 34 13 13 54  1 10 86 15 12 92  4 17 30  9  3 86
 9 18 75  6 11 93 15 13 61  2  5 33 10 17 23  3  6 52 19 20 74 20 10 76 17  9 83 11  2 60 16  8 82  7  7 43  8  4 92  5  3  4  1 14 10 13 19 97  4 12 33 18 15 95 14 16 65 12  1  7
11  4 96 15  8 61  8  9  5 10 12 77 19  1  3  4 16 41 17 15 57  1 18 24  5  2 82  9 17 50 13 14 11 16  6 64 14 10 57 12  5 62  6 13  3  3 19 66 18 20  8  2  3 88 20  7  5  7 11  7
19  4 27  8 12 59 11 15 32 12 20  1  6 16 10  7  1 54  1 14 71 10  7 15 20  8 26 16 13 40  2  9  2 17 19 52 15 18 17 18  5 35  3  3 69  4 11  3  5 10 55 14  2 38 13  6 13  9 17  6
16  6 29  4  9 82 14 18 71  1 10 30  2 13 56  6  1 63  8  7 29 20  5 61 10 14 21  5 15 40 12 16  5 13  2 16 15 19 86 17 12  3 11 11 50  9  8 82 19  4 55  3 20 37 18  3 44  7 17 65
 6  5  3  9 19 67 18  3 72  4 18 76 19 13 83 10  2 80 12 16 85 13 10 46  1 17 90 11 12 79  2  7 18 14  6 53 17  1 78  8 14 67  7  8 43 15  9 22 16  4 47 20 11 51  5 15 85  3 20 50
 6 18 84 17 13 74  5 12 29  3 17 88 11  2 59  1 15  5 14 16 88  7  8 61 20 20 94  8 19 30 15  9 62 16  1 15 19  6 52 13 14 17  9 11 12 12  5 60 18  3 38 10  7 36  4 10 30  2  4 28
16 11 59 11  6  9 12 17 53  9  4  4  8 18 68  5 13 94 19  3 21 15  9 55 14  2 29 20 14 48  2 15  8 17 16 56  1 19 60 13  8 59  7 10 48 18  5 40 10  1  3  6 20 40  3  7 82  4 12  3
18  7 77 13 15 70 15  6 28 12 19 69 16  3 38  7  8 37  5 18 78 11 16 54  1  4 42  6 12 10 19  9 32 14 14  9  3 10 22  2 20 41  9 17 32  4 11 19 17 13 12 20  1 10 10  5  6  8  2 98
20  2 52 15 11 27  1  3 94 11 20 55 10 19 90  8 18 85  9 15 81 16  8 60  3 14 23 14 12 51  6  9 32  7 16 40 19  1 53  4  5 76  2 17 90 13 10 63 18  7 86 12  6 73 17  4 20  5 13 87
 5  1 94 15  7 72 19 20 10  3 14 18  6  5 80  8 10  1  2  8 43  7 15 89 14  4 62 20  9 20  4 19 38 10 11 68 18  6 80  9 12 80  1 17 90 11 16 36 17  2 45 12  3 58 16 18 44 13 13 25
 1 17 89  8  8 29 15  9 42 14  4  1 12 11 33 17  6 45  7  3 12 18  2 63 16 15 57  5  7 26 13 19 67 10 14 53 19 16 23 20 18 49  6 12 60  4 10 64 11  1 32  3 13 27  2 20  3  9  5 77
16  9 87  5  8  5 17 16 73  8 14 36  7 19 67  2  1 33  4  3 39  3  4 20  9 13 78 10  2 88 11 10 66 13 18 31 19 20 55  1 17 10 18  7 13 12 12 32  6  6 52 20  5 71 14 11 18 15 15 33
 1  3 29  9  8 69 15 11 71  8 14 23 18 16 34  5 12 33  2 13  1 12  5 19  7  7 25 13  1 85 14  4 12  4 20 77 11 10 91  6 18 13 16  6 54 10 17 49 17 19 34 19 15 11 20  2 15  3  9 99