50 15 15
 7  2 94 13  6 66  5  1 10  8  4 53  4 13 26  3  7 15 11  3 65 12  5 82  9  8 10 15 10 27 10 14 93 14 15 92  6  9 96  1 12 70  2 11 83
 5  4 74  6 10 31  8 14 88 15  3 51 14 13 57  9 11 78 12  9  8 10  7  7  7 12 91 11  1 79  1  8 18  4  2 51 13  5 18  2  6 99  3 15 33
 2  9  4  9 10 82 10  7 40 13 15 86  7  6 50 12  1 54 14  2 21  6 14  6  1  4 54  3  5 68  8  8 82 11  3 20  5 13 39  4 12 35 15 11 68
 6  9 73  3  4 23 10 14 30  7  5 30 11 15 53  1 10 94 14  1 58  5  8 93  8  6 32 15  3 91 12 12 30  9 13 56 13  7 27  2  2 92  4 11  9
 8 10 78  9  6 23  7  3 21 11  1 60  5  2 36 10  5 29  3  9 95 15  4 99 13 15 79  6 14 76  2 11 93 14 13 42 12 12 52  1  7 42  4  8 96
 6  6 29  4  5 61 13 12 88 14  2 70 12  4 16  5 14 31 15 10 65  8  8 83  3 13 78  2 11 26 11  9 50  1 15 87 10  3 62  7  1 14  9  7 30
13 10 18  4  1 75  8  4 20  9 11  4 15  8 91  7  7 68  2  2 19 12 15 54  5 12 85  6  5 73  3 13 43 11  9 24  1  6 37 14  3 87 10 14 66
12  1 32  6  9 52  1 15  9  8 13 49 13  5 61 14 12 35 15 11 99  2 10 62  3  7  6  9  4 62  5  2  7  4  3 80 10  6  3  7  8 57 11 14  7
11 13 85 12  3 30  7 12 96 15  4 91  1  1 13  2  9 87  3  5 82  6  6 83 13  7 78  5  8 56  9 14 85  8 11  8 10  2 66 14 15 88  4 10 15
 7  5  5 12  3 59 10  9 30  3  4 60  9 14 41  1 10 17 14 11 66  4  7 89 11  1 78  8  8 88  2 13 69 13 15 45 15 12 82  5  6  6  6  2 13
 5  1 90  8 12 27 14 11  1  1  5  8  6  6 91 13  2 80  7  8 89  9 13 49 15  7 32 11 14 28  4  3 90  2 15 93 12  4  6 10  9 35  3 10 73
 3 10 47 15 12 43  1  4 75 13  6  8  7 13 51 11  8  3  8 14 84  6  2 34  9  9 28 10  5 60 14 11 69  2 15 45  4  1 67 12  3 58  5  7 87
 6  1 65  9 12 62 11  7 97  3  2 20  4  9 31  7  8 33 10  6 33  1 13 77 14 11 50  5  3 80  2 10 48 12 14 90 13 15 75  8  4 96 15  5 44
 9  3 28 15  2 21  5 14 51 14 15 75  6  9 17  7  7 89 10  4 59  2 11 56 13  6 63  8  1 18 12  5 17 11 13 30  4 10 16  3  8  7  1 12 35
11  3 57  9 15 16 13  9 42  7  6 34  5  4 37  2 10 26 14  8 68 15 14 73 12 12  5  1  5  8  8 11 12  4 13 87  3  7 83 10  1 20  6  2 97
14 13 20  4 15 85 10  1 61  2  9  9  9 12 36  6  4 63  5  5 11  8 10 45 15  2 10  1 11 33 12  3  5 11  7 41  7 14 47 13  6  9  3  8 74
 5  5 33  8 11 35  6  2 78  7  9 12  9  6 22 13 13 44 12  4  8 14 12 97 15  1 10 11  8 86  3 14 33  1 15 60  4 10 21  2  7 96 10  3 69
 8 11 34  7  7 94  1  3 15 11 14 23  4 12 84  6  2 16  3  4 55  9  8 50 12  6  5 14  9 59  5  1 35 15 15 12  2  5 57 10 10 11 13 13 51
 6  7 72  7  3 42  5 12  4 11 11 62 15  4 15 13 10 27 10  5 16  8  6 34 12 14  8  3 15 50  4  2 85  9  9 12  1 13 48 14  1  5  2  8 25
 6  8 40 13 13 81  8 15 46  4 10 67 10  3 25 14 12 83 11 11 92  2  7 25  5  6 40  9  1 21  1  4  4 12  9 43 15  2 38  7 14 60  3  5 24
15  2  3  6  3 28 14 13 86  5 11 68  4 10 55  2  8 91  1 12 97  7  7 19 10  1 73  8  9 20  3 15 28 12  6 81  9  4 46 13 14 98 11  5 46
14  4 29  6  5 96 10 15 12  1 14 71 15  6 32  8 13 64  5 10 39  7  2 16 11  1 97  9  9 99  3  8 49 13  7 75  4 11  7  2  3 79 12 12 80
11  1 71  9 10  9  4 12 11  1 14  8  2 13  4  8  9 47  3 11 93 14  6 82 15  7  6 10  5 49 12  8  7  7  4 24 13  3 92  5  2 13  6 15 86
 4  5 80  6 15 34 13  8 75 11  7 35  1  9 29  2 12 60 10 13 20  5 11 48 14  2 46 15 14 57  7 10 73 12  3  8  8  4 45  3  1 90  9  6 84
11  5 12 14  4 53 12  2 81  7 14 96 13 12 18  8 11 88  3  8 84  2  3 38  1  7 73  9  6 60 15 13 39  6 10 50  5  9  5 10 15  9  4  1 63
11  4 18  5 10  9 14 14 51  1  5 93 12 15 57  2  3 82 15  8 46  9  1 38  6  6 58  7 12 86  3 13 49  8  7 45 10  2 37  4  9  9 13 11 95
 1 10 82  6  4  6  4  6 62 13 15 96  3 13 17 10  8 65 14  7 39  2 14 82 12  9 49  5 12 94 15  5  5 11  3  9  9  2 53  8 11 74  7  1 71
11  3 10 13  7  9 14  2 69  2 14 33  1 11 39  7  9 41  5  8 14  6 13 37 10 10 16  8  5 44 12 15 12 15  6 68  9 12 49  4  1 66  3  4 14
 7 14 68  2  7  3  6  9 49  8  6 49 10 12 93  3 15 29 15  4 34 12  8 21  9  3 70  1  5 91  4  1 14 13 11 21  5  2 76 11 13 48 14 10 87
 6 15 21  2 10 90  5 12 20  1  9 59  9  8 10  4  4 34 12  3 44 14  6 20 15 13 37  3  7 86  8  5 84 11  1 60  7  2 20 10 11 54 13 14 98
10  4 15  2  2 50  8 13 70  6 10 84  1  3 68  5 11 40  7  1 18 12  7 82  3  6 75 11  8 71 14  5 36  4 14 96 15 15 61  9  9 57 13 12 22
14 13 42  9 14 11  4 15 19 10  2 22  3  8 18  8 10 93  5  9  5 12  1 38 11  4 35  1 11 24  2  6 69 15  7 61  7  5 41  6 12 56 13  3 62
11  2 46 15  7 10 12  6 86  3  1 19  7 15 35  5  4 21 10  9 84  1  8 20  8 14 50  6 13 48  2 11 84 14  5 99  9  3 86 13 10 64  4 12 10
 3 11  8 11  6 12 14  4 71 15 14  4 13  5 86  2  8 74  4 15  1  8 12 78  1  2 18  5  3 13 12  1 30 10  9 96  7  7 57  6 10 20  9 13 46
13  2 63  7  6 42 15 11 87 14 15 29 12 13 82 11  9 14  4  7 57  8 10 41  5 12 46  3  3 62 10 14 67  6  8 40  2  5 28  9  1 28  1  4 20
12  5 98  8  3 17  7  1 10  9  2 95  5 13 94  6 15  8  2  8 82  1 10 21 15 12 28 13  9 71 11  7 10  3 14 67 14  4 60  4  6 79 10 11 54
12 14 73  6  5 59  7 11 97  9  9 39  4  3 64  3  1 38 11  4 25  5 10  7 15  2 21  2  6 40  1 15 14 13 12 51  8  7 88 14  8 49 10 13 74
11 14 53 13 12 53  8  8 54  6 10 53 12  2 52  9 15  3 14  6 71  7  9 72  1  5 66 15  1 41 10 13 64  4  4  6  5 11  7  2  3 46  3  7 56
 7  6 30 11 12 70  9  4 22 13  3 53 14  9 55  1 10 92  5  7 54 12  5 41 15 15 39  2 11 49 10 14  9  3 13 11  4  2 31  8  1 69  6  8 27
 3  4 54  9  1 69 10 14 17  8  5  1  1  6 53  2 12 31 14 13 90  5  9  9 13  8  3 11  7 41  6  2 97 15 11 42 12 15 21  4  3 54  7 10 69
 7  6 65 11 13 13 12  9 77  3 11 79 14 10 29  8 14 41 10  5 20 15 12  7  1  4 18 13  7 99  9  1 26  5  2 98  2  8 92  4  3 48  6 15 66
 3  3 62  2  2 17 12  5 56  5 14 88 13 12 51 14 10 69 15  8 15  9 13 69 10 15 74  4  6 20  7  4 43  8  1 98 11  7 12  1  9 35  6 11 89
13  5  1 11 14 62  1 12 43  7  2 16  5  9 40 15  4 32  6  8 85 12 13 73  4 15 98  8  7 23  3  6  7 10  3 74 14 10 71  2  1 68  9 11 76
 4  6 26  2  7 71 10  3 51  3 11 82 11 14 35 12  2 83 14  8 81  8  5 20  7  9 26  6  4 24 15 12 12 13 10 90  1 15 28  9 13 85  5  1 17
 8 11 72  7 13 20  9  2  6  3 15 75  1  7 95 11  9 27 10 12 37 15 10 30  4  1 74  5  3 87 14 14 34 13  8 49  6  5 66  2  4 76 12  6 13
 6 13 45  8  3 61  1  9 27  2  4 77 12 14 45 13  2 23  9 11 94  5  5 73  4  8 55 14  6 62 10 15 54  3  7 97 11  1 40 15 12 50  7 10 56
 7 13 66 11 14 13  3  6 14  4  1 59 13  8 31  2  3  7 12  4 94  6 15 51  1  2 28 10  7 87  8  5 35  5  9 92  9 10  6 15 12 46 14 11 61
 5 11 84  3  8 83 13  9 99 14 13 70 12  6 24 10 14 15  4  3 44 15  1 41  9  7 82 11  2 92  2  5 68  6 15 36  1 10 30  8 12 61  7  4 65
 6 11 48  2  8 53  8  9 51 13  5 17 10 10 66  5  2 76  7  7 21  3 14 17 11  4 40  9  3 63  1 15 82 12 12 29  4  1 83 15 13 30 14  6 38
 8  2 42  9 14 17 14  3  2 10 11 92 15  7  7  2 13 20 13  4 72 12 10 10  6  1 69  7 12 68 11 15 56  1  9 54  5  6  6  3  5 96  4  8 11