50 15 15
10  3 20  6 12 89  3  6 55 11 15 25  4  4 31 15  8 58 12  1 63  8  2 81 13  7 28  7 13 41  5  9 16  2 11 14  9 14 30 14 10 18  1  5 12
 6  7 92  1  1  4  9  8 22 13  4 28  4  5 14 15  9 29 14  2 52 11  3 82  3 14 58  8 15 46 12 10 60  7  6  8  5 11 30 10 13 96  2 12 36
 7  5 20 15  6 39  8  3 17 14 13 74  3 15 17  9  7  5  6 12 30 13  2 27 11 14 60  2  1 23 12 11 33  5 10 57  4  8 93  1  9 24 10  4 95
 4  2 77 12  8 22 15 15 15 10 10 47  7 11 71  5  7 45  3  6 36 11  5 53  9  9 47  2 13 77  1  1  8  6 14 49 13 12 30 14  3 97  8  4 33
 9 13 31  3 11 39 14 15 61 10  8 83  6 10 17 15 12 33 11  5 93  5  4 65  7  1 38  1  2 74 12  3 82  8  7 63  4  9 45  2  6 47 13 14 90
11 11 66  2  1 94  7  7 25 10  5 65  1  2 85 13  8 40  6 15 16  3  9 10 12  6 72  5  4 99  4 12 76  8 14 67 14 13 40  9  3 97 15 10 94
13  9 68 14 15 24  1  4  4  3  6 98  5 13 29 12  8 34 11 10 31  2  2  3  9 14 75  4  7 14 10  3 26 15 11 70  7  1 66  8 12 78  6  5 89
15  8 82 10  1 28 12 14 20  8  2 48  7  3  5  5  5 28  1 13 59  6 10 99  4  7 22  9 11 32 13  4  7 11  6  7 14  9 92  2 12 66  3 15 89
15  4 86  2  5 79  4 10 79 11 14 30  7  2 70  1 12 45  9 11 24 12  6 83  3  3  7  8 15 78  5  9 16 10  7  8 13 13 88  6  8 29 14  1 37
 4  6 59  5  9 69 10  1 10 11  2 65 13  8 19 14  4 27  9 11 98  1 10  7  8 13 83 15 12 35 12  3  3  6  5 83  7 14 93  2 15 21  3  7 52
 9 14 25  6 11 16  3  8 70  8  1 55  5  6 45 12  5 92 13 15 55  4  4 66  2 12 18 15 13 23 10  9 21  1  3 18  7  7 47 14  2 85 11 10 62
 5 11 75  4  9 39  2 12 78  6  7 24 13  8 38 15  4 77 14  2 15  8  6  5  9 14 56 12 15 38  3 13 75  7  5 59 10  1 45 11  3 13  1 10 50
11  3 19 14  8  5  6  1 98  1  7 52 15  4 67  7 13 98 10 15 13 12  5 81  4  2 39  5 14 44  2 12 81  9  6  1  3  9 21  8 11 86 13 10 39
 4 11  8  1  3  6 11 15 85  3  6 45 13 10 63 10 14 41  6  9 55 12  1 55  9  8 31  8  4 75  7  5 14  5  7 57 14 12  5  2 13  3 15  2 97
10  1 53 15  6 85 12  8 88  7  9 74  6 14 15  1 10 21  8 11 42  5  2 56 11 13 56  2  3 44  9 15 83  4  7 52 13 12 79  3  4 98 14  5 57
 8  6 69 12 11 81  9  9 81  4  3 62 13 13 80  2 10  3 14  2 38  1  5 62 15  4 54  7 14 66 10  1 88  5 15 82  3 12  3 11  7 12  6  8 88
13  5 83  2 10 51 12  2 47 10  8 15  7  4 89  4 13 76  3  3 52  5 11 18  6 12 22  9 14 85 14 15 26 15  1 30 11  7  5  1  6 89  8  9 22
 2  7 62  3  9 47 10  3 93  1 13 54  4 11 38  6 14 78  9  5 71  5  6 96 15  8 19 11  4 33 13  1 44 14 12 71  8 10 90  7  2  9 12 15 21
14  6 33 11  2 82  7 14 80  3 10 30 15 13 96  8  3 31  5  9 11 12  4 26  1 11 41  6 12 55 10  5 12  4  7 10  9 15 92  2  1  3 13  8 75
 2  5 36  9  6 49  5  7 10 15  9 43  7  1 69  6  4 72  4 15 19  3 10 65 10 11 37 11 14 57 14 13 32  8 12 11 12  8 73  1  3 89 13  2 12
 6 12 83 15 14 32  3  1  6 13  5 13 11 11 87  2  9 94 12  8 36  5  6 76  7 10 46 10  2 30  1  4 56 14  7 62  9 13 32  4  3 52  8 15 72
 6 14 29  3 11 78  1 12 21  2  2 27  9  1 17 15  6 43 12  4 14 11  9 15  8  8 16 10  3 49  7 15 72 13 10 19  5  5 99 14  7 38  4 13 64
 5  6 12  8 11 74 11  4  4  2  7  3 10 13 15  9  9 62  3  3 50 15 14 38 12 10 49  4  8 25  6  1 18  7  2 55 14 15  5 13  5 71  1 12 27
15  3 69 12 12 13  1 11 33 10  1 47 11  6 86  6 14 31  4  4 97 13 13 48  9  5 25 14  8 40  7  9 94  2 15 22  8 10 61  3  2 59  5  7 16
10 12 27  1  9  4  4  4 35 11  7 80 13  5 49 14 11 46  6 10 84  2  2 46  7  3 96 15  8 72  9 15 18 12 14 23  3 13 96  8  6 74  5  1 23
 8 14 36  3 11 17  2  8 81 13  6 67  4  4 47 15  3  5  5  2 51  7  1 23  6  5 82 10  9 35  9 13 96 14  7  7 11 10 54  1 15 92 12 12 38
 1 14 78  9  6 58 15  2 62 13 12 43 10  7  1  6  5 56  7 11 76 11  9 49  8  3 80 12  1 26  4 13 79  5 10  9  2  4 24 14 15 24  3  8 42
 9  1 38 13 11 86 11 10 38 12  4 38 15  8 83  4 15 36  7 14 11  2  2 17  5 13 99  6  3 14  1 12 57 10  9 64 14  7 58  3  6 96  8  5 17
14  8 10  3  1 86 12  9 93  1 10 63 15 13 61 11  7 62  4 14 75  2  2 90 13  5 40  5  6 77  6 12  8  7  3 27  8 15 96 10 11 69  9  4 64
 2  5 73 14  9 12  1 11 14 12  7 71  3  6  3 11  2 47  5  8 84  9  3 84  4  1 53  6 13 58  8 15 95  7 14 87 10 10 90 13  4 68 15 12 75
 1  6 59  4  9 12  2 12 76  5  1 89  7 10 84 13 13 19 10  2 63 15  8  5  8 11 39 14 15 34  6  5 50  3 14 84 11  3 39  9  7 38 12  4 85
 5  1 88  3  9 21 14 13 47  6 12 53 10 15 32 15  6 22  2  5 98 12 14 64  7  8 98  8  2 16  1  4 83 11  7 49 13  3 48  9 11 65  4 10 28
11 14 22  4 13 43 14  3 84  3  7 47 10 15 28  7  9 48 15 10 74  9 12 97  5  6 54  6  4 88  1  1 20 12  5 72  8  8 47  2 11 24 13  2 56
11 15 59  3 11 97 10 14 35 12  2 86 13  7 51  6  1 20  1 12 69  7  8 35  2 10 36 14  4 42 15  3 69  9  6 12  5  5 55  4 13 21  8  9 99
 7  8 39  8  2 15  3 10 24  4 11 16  5 15 54 10  6 43 13  5 12 11 12 57 14  7 77  6  4 80  2 13  4  1 14 25  9  1 46 15  9 37 12  3 74
 7 14 91  4  1 31  6  3 45 15  5 51 14 11 12  9  9 50 11  6 41  5  7 31 12 10 81 10 13 10 13 15  6  1  4 36  8 12  3  2  2 42  3  8 86
 1  7 37 11  1 16 13 14 36  4 13 66  8  5 58  2 11 22 10 10 18 12 15 40 14  9 81  7 12 24  5  2 36  6  8 20 15  6 29  9  4 61  3  3 70
 3 10 11 10  8 64  7  7 83 11  6 82  5  3 60 14  9 42  8  1 53 12 11  8  1 12 39  6  5 77 13  2 83  9 14 80 15  4  5  4 13 92  2 15 53
 3 12 99  6  9 86  8  4 57 13 11 55 12  5 89  5  3 48  1  1 82  2  7 14 15  8 37 11 14 87 14 10 77  9 13  5  7  2 28  4  6 18 10 15 28
 4 11 79 13  4 21 14  3 18 12  7 82  2  5 83 11  2 89  3  9 50  5  8 94  7  1 59  9 15 64 15 10 42  6 14 45  1  6 69  8 12 33 10 13 61
 1  3 53  3 13 79 13  8  5  4 15 65  5 12 39 14  1 86 12  9 68 10  6 17  8  5 61  7 11 74 11  7 65  9 10 17 15  2  5  6  4  3  2 14  4
15  8 37 12  5 20  1 13 22  2  9 60 13  2  5  3 12 30  4 14 42 10  3 30 14  4  5  8  1 52  6 15  4 11  7 69  9 11 89  5  6 97  7 10  9
 5  6 44  2  2 14  7 12 22 10 15 29 11 11 98 12  8 20  1 10 47 15  7 70  8  4 70  9  3 76  6 13  7 13 14 46  4  9 60 14  1 96  3  5 50
 8  3 18  5  7 91  3 10 89  1  1 64 11  4 34 13 14 82 14  2 73  4  6 94  2  9  2 12 15 21 10  8 48  9  5 51  7 13 85 15 11 85  6 12 17
13 13 44 14  9 47 10  5 62  6 12 96  2  1 54  1  7 69  9 15 35 15  2 54  7  3 76  3  8 61 11  6 85 12  4  9  5 11 47  4 14 58  8 10 87
 2  1 70  6 10  6  1 12 30 13  2 31  7  6 73  5  7 43 12  9 28  4 11 31 11  8 85  9 13 72  3 14 38  8  3 58 15 15 16 10  5 34 14  4 14
12 12 85  1 15  4 11 10  2  5  1 75 15  7 77  3 13 30  8  9 88 10  6 84  6  8 66  2 14 86 14  2 28  9 11  8 13  3  4  4  5 18  7  4 40
 6  9  1 12  6 40 10 13  6  5 12 36 13  5 26  9  8 35  8  1 76  3 15 46 15 10 77  2  2 52 14  7  1 11 11 44  4 14 18  7  3 52  1  4 70
 7  2 40 11 11 47 12 13 18  9  4 38  4  3 13 15  6 43  6 12 51  1 15 31 14 10 77  3  1 21  2  7  6 10  9 32 13 14 26  5  5 12  8  8  1
 6  4  1 10  3 15  3  7 26  8 13 71 12 14 69  2 10 89  4  5 93 11  1 63  5 12 42 13 15 18  1  8  1  7  9 32 14  2 11 15 11 94  9  6 69