50 20 20
20 11 57  7 18 72 13  7 57 15 15 46  6  9 15 16 12 86  5  3 55 12  8 95  9 19 41  2 13 34 18 16 83 19  6 27 14 10 73 11  1 53  1 20 68  3  4 65  8 17 83 17 14 96  4  2 95 10  5 21
13 20 73 17 17  9 19  4 79 11 13 24 12 15  4  4 19 42 18 16 96  6  5 97  1  3 43  5  8 56  2 10 40  9  2 59  3 14 69 14  1 69 20 18 78 16  7 39 15  9 98  8  6 79 10 12 24  7 11 86
 6  2 22 18  7 91  7 20 85  2 13 42 10  8 19  5 12 52 11  3  2  1 14 68  9  9 78 15  6 24 13 19 68  8 17 13 17 10 75 20  5 14  4  4 43  3 11 55 19 16 20 16 15  3 12  1 39 14 18 39
 7 16 57  8  7  8  2 20 25 20  2 55 13  1 56 16 14 23  4 13 13 11 11 86  1 12 25  5  5 73 15  9 51  3 15 16 18  6 11  6 17 95  9  4 45 12 10 73 14 18 18 19  3 32 17 19 91 10  8 65
 7 16 99 15 19 96  6 10 60 10 14 88  5  6  1 16 18 53  8  4 28 19  7 52 11 17 56  1 13 99 17 11 51 20 12 16 14  1 53 12 20 77  3  3 59  2  8 80 13 15 96 18  9 33  9  2 61  4  5 69
20  7 33 11 14 96  1 18 69  6  2 96 16 10 68 19 15 68 13 17 48 18  3 61  9 12 27 12  5 45  3  8 84 14  9 45 10 13  9  4 19 54  5  6 46  7  4  9 17 20 84 15 16 70  2  1 67  8 11 14
 6 20 38 15  8 46  4 13 73 20 14 72  7  2 61  2  4 86  3  6 60 10 10 10 19 12 59 16 17 65  9 15 94 13  5 71 14  7 25  1 18 98 11 16 49  5  3 43  8 11  8 18  9 90 12 19 21 17  1 73
14  8 68 12 18 28 15  1 38 20 20 36 19  9 93 18 16 35 13  5 37  8 13 28  4 17 62  1 12 86 10 19 65  5 14 11 17 11 20  3 10 82  6 15 23 11  2 33 16  6 67  2  4 96  7  3 91  9  7 83
18 20 81  3  3 60 13 14 88 19 16 20 14  6 62  9 13 22 11 17 79  5  2 38 12 12 40  8  7 82 17  5 13  1  1 14 20  9 73  7 19 88  4 11 24 10 10 16 16  4 78 15  8 70  2 15 53  6 18 68
16  4 73  4  3 90  8 15 58 10 16  7  3 20  4 17 10 93  2 17 52 19 12 63  9 14 13 14 11 19  7  8 41  1  9 71 18 18 59  5  6 19 20 13 60 12  1 85 13 19 99  6  2 73 15  5 95 11  7 19
 8 18 62  4 10 60  3 12 93 14  4 16  7 14 10  6 13 72 10 19 88 20  6 69  5  3 58 11  7 41  9 15 46 19 11 63 12  5 76 18 16 83 13 17 62 17  9 50 15  2 68  1 20 90 16  1 34  2  8 44
 8 20  5 10  6  8 12  5 25 18 18 70 11 16 53  3  2 78 14  8 92  5 12 62  1  7 85 20 11 70 19 13 60  9 10 64 17 19 92  7  9 44  6  3 63 16  4 91 13  1 21  4 14  1 15 15 96  2 17 19
 6 12 59 20  4 12 18 20 41 17  8 11 14  7 94  4  6 93 16  9 46 11  1 51 19 13 37  7 10 91 15 11 90  5 19 63 13 15 40  9  5 68 12 18 13  1 17 16  8 16 83  2  2 49  3 14 24 10  3 23
 4 16  5 19 17 35  5 20 21 14  5 14  9 13 66 20 19  3 13 10  6 18 14 98 15  6 63 12 18 64  2  8 76 10  2 94 17  4 17  1  3 62  7 12 37 11  9 35  6  7 42  3  1 62 16 15 68  8 11 73
10  1 27 20  9 52  2  6 39 15  5 41 11 19 25  4  7  9  1 17 34 12 12 50 13 13 41  9 15 98 19 10 23  7  2 32 18  4 35 17 18 10  6  8 29 14 20 68  3 14 20  5  3  8 16 16 58  8 11 62
 1 13 39  7  9 32  8 14  8  2  1 33 20 20 91 14  4 28 19 10 31 11  7  3  6  8 28 17  5 66 15 18 59 10 15 24 18 12 45  4 19 81 16 11  8 12  3 44  3  6 42 13 16  2  5 17 23  9  2 53
 4 17 11  8 12 93  6 13 27  1  2 59 12 10 62  3  9 23 15 20 23 18 16  7 17  7 77 14 15 64  5  1 60  2 19 97 19  5 36 10  6 53 20  4 72 16  3 36 13 14 98 11  8 38  9 18 24  7 11 84
 6  8 47  2 17 72  8  3  1 12 13 91 15 18 85 14  7 68 18 16 42  9 11 20  1 19 30  4 14 30 17  4 40 20  2  1  3 12 76 19  9 71 11 15 53 10  6 28 16  1 17  5 10  7  7 20  7 13  5 78
 4  8 62 14  6 93  2  4 14 18  5 11  9  9 30 10 13 84 11 11 84  5 12 55 13 18 39  1 10 82 16 17 60 20 14 74  6 20  2  8  7 90 19  3 33  7  2 87  3 15 81 17 16 39 15 19 15 12  1 87
 7  7 93  8  3 73  5 10 88  9 18 29  4 13 16 15  6 96 12  9 43 19 20 89 11 14 43 14 17 97 20 19 41 18  4 93  2  2 84 10  8 87  3  5 75 17 15 58 16 11 58 13 16 53  1 12 32  6  1 73
15 19 34 20  3  5  8 10 74  6  9 46  9 13 98  7  2 47 11 17 60  4  1 81 18 12  5  3  4 57 13 18 79 19 15 38 16  6 30  2 20 98 14  8 37 17  7 68  5 16 58 12 14 96 10  5 16  1 11 80
 6  7 21  9  6 29 11 20 27 19 12 25 20 14 49 12 18 60  8  4 83 14  2 18  2 15 45 13 17 64 10 10 79  4 16 42 18  3 84  1  1 15  3 13 13 17  8 77  7 19 66 16 11 15  5  5 17 15  9 12
 4  8 23 15 17 90 11 13 74  1 11 85  6  5 59  3 20 46 10  4 70 17 14 22  5 10 26 20  9 18  2 15  3 18  3 94 13 19 75  8  6 11  9  7 33  7 18 82 16 16 59 19  1 38 14  2 48 12 12  5
16  4 27  8 16 67 18  6 21 10  1  9 17 14 28  9  3 37  1 19 11 12 20  9 20 10 50  3 13 45  2 11 82  5 17 61  4 15  6  7 12 14 14 18 99 13  9 39 11  5 53 19  2 73  6  8 96 15  7 58
11 20 50 13  9 86 14 10  2 18  3 34  7  2 28 10 12 58 20 17 31  4 19 83  3  8 21  5  6 34 19 18 83 15 15 28 17  4 26 12  1 85  6  7 97 16 14 53  2  5 39  8 16 99  1 11 79  9 13 21
20 15 85 10  9 76  7  1 27 11  7  8  6 19 54 18 16 85 15 11 80  8 12 37 13  8 62  2  2 28 16 14 48 17 20 26  4  5 94  3 18 42  1 13  8  9 10 94 14  6 99 19  3  2 12 17 95  5  4 19
11 13 93 10  1 61  3  3 78  7 12 84 16  7 93 19 20 59  9 15 63  4  4 46 12  8 25 15  9 19 17 19 97  5  6  9  2  2 29  6 16 16 13 14 24 14 10 40 18 17 56  1 11 44 20 18 23  8  5 56
12  8 88  3  9 78  2  2 89 18  6 46 14  4 87  1 20 49 16 13  5  5 16 75 10  7 57 13 19 44  4  5  8 19  1 47 20 18 82  8 17 17  9 14 71 17 10 89 11  3 23 15 15 84  6 11 56  7 12 80
17  4 14 15 10 91 19  6 96 18  7 10  5  9 54 11 11 46  9 17 60  7  3 98 13  2 24  6 16 71  2  5 65  1 12 37  8 19 51 20  8 57 16 15 21 12 14 94  3 20 79  4  1  9 10 18 36 14 13 22
 4 14  8 14 15 68  7 16 67 11  4 46 20  5 89 12  2 30  8  9  5  2 17 39 15  7 28  6  6 80 19  1 46 16 12 27  5 20 21  9 13 55 10 10 61  1 11 14 17 18 17 18  8 44  3  3 23 13 19 50
12  7 94  7  4 10 11  1 34  2 11 72 16  5 97 14 14 33  1  8 54  8  6 31 19  2 18  9 18 13 17 15 52  4 17 21 20 12 69 13 19 35  3 16 19 10 20 11 18  3 91 15  9 63  6 13 37  5 10 47
 2  9  9 18 12 14 16 10 27 13  3 20  3 11 11 10 20  2 15  8 77  1 19 95 14 13 99 12  4 46 19  2  1 11 18 18  6  6  2 20 16 17  8 14 34  9  1 13  5 17 71  7  5 82 17  7 94  4 15  8
 7 16 28 20  9 85 19  6  4 15 12 31 16 18 35 10 19 33 18 17 21  8 14 87  3  7 94 11  8 83  4 10  5  9  2 50  1  3 85  6  4 73 12 11 36  5 15 56 17 20 40  2 13 80 13  1 67 14  5 16
13  6 66 11  7 56  4  1 67 16 14 74  9  8 75  8  3 94  7  2 74 15 10 97  1 16 74 10  4 43 12 18 63  5  5 18 19 20 98 18 12 98  3 15 80  2 19 48 14 13 65 20 11 66 17 17 45  6  9  3
20  5 61  3 14  8  9  9 24 12 13 29 19  4  1 13  2 58 16 19 58 11 20 56 14 10 42  4 17  8  5  8 17  1 12 69  7 11 67 18  7 64 17 15 27 10 16 13  2  1 76  8  6 75  6  3  9 15 18 93
14  9 86 16 12 53  7  7 38  6  8 49 18 11 61 12 16 63  9 17  5 11  3  1  8 10  2 20 18 29  5 14  6 17  2 54  3 19 74  4  6  4 13 20 30  1 13 60  2  5 64 15 15 63 19  1 82 10  4 87
 5 20 36 17  2 25 13 12  7 19  3 72 18  9 49  8  8 22 11  7  5  1 15 97 12 17 80  3  1 27  7  5 43  6 11 25 10  4 10 20 16 74  2 18 81  9 13  8  4 19 26 15 14 83 16 10 53 14  6 83
18  8 37  2  5 72 12  9 32  3 10 19  8 19 24 19 12 48 15  6 42 13 14 81  1  7 91 11  1 95 16  2 98  6 18 22  5 20 79 14 11 91 17 13 71 20 16 78 10 17 71  4  3 48  9 15 59  7  4 84
 3  5 37  1 17 63 15  9 60  7  8 62 11 13 91 19  7 13 16 14 16 18 10  5 17  3 99  2 15  6  5 18 81  6 19 80 14 20 66  9  1 92 10  2 23 20  4 67  4 11 36  8 12 27 12 16 81 13  6 57
 3 19 52  8 13 53 12  4 26  4 17 51  1 20 12 13 10 25  7 12 25 14  9 46 20  5 96  9 16 72  5 15 52  2  2 71 18 18 16 11  8 30 15  6 89  6  7 94 10  1 14 16  3 57 17 11 13 19 14  8
 1 15 44 10  2 36  8  5 38 13 14 61 15  6 84 11  9 74  3 16  5 14 12 28 20 10 86 12 17 43 17 20 40  9 18  4  4  3 89 19  4 67  7 13 92  5 19 82  2  8 22  6  7 15 18 11 55 16  1 31
13 20 13  7  1 86  8 13 30 19  3 39  2 14 95 18  8 83 12  5 92 17 17 14 14 12 48 10 15 34  9 11 66  4 16 72 15  2 57 20 10 48  6  6 14 16 18 23  5 19 22  3  4 24 11  7 93  1  9 80
 9 18 15  8 16 47 12 14 77 11  1 64 19  6 76 20 12 40  7 19 91  3  7  4 10 10 70 17 17 75 13  4 82 16  2 88  4  9 79  6 13 97 14  3 60  5  5 45  2  8 50  1 15 76 18 11 91 15 20 91
 1  6 11 12 20 87 13 16 53  6 15 23  5 19  5 18  4 80 16  7 95  3  5 84 19  9 93  7 12 33 11 17 25  9  8 21  4  1 65  8 14 71  2 11  3 15  3 65 10  2 14 17 13  8 14 10 36 20 18 23
18  7 21  1 12  2  2 11  8 15  8 50 17 19 21  6  3  9 10  5 77 12 17 48  8  1 29 20 10 40 19  6 40  3 20 73  5  9 32  7 16 18 11 14 34 13 13 16 14  4 66 16 18 27  4 15 54  9  2 72
12 16  5 14  2 83  9 18 98 15  6 97  8 14 81 16 20 31 11 12 38  6 17 52  1  3 91 10  7 77 20  1 23 18  8 27  4 19 95 13  9 85 17 11 42 19 13 26  3 10  7  7 15 83  2  4 98  5  5 40
16  4  8 10 13 41  8 12 16  2 11 34  3  2  9  7 17  8 11  1 16  6  7 96 14 10 39  9 20 91  1  5 26  5 16 17 20 15  4 12  9 89  4  6 92 15 18 74 18  8 54 19  3 89 13 14 78 17 19 10
15 10 64 11  8 91  7 20 78 20 11 75 18  7 17  6 12 71 12  5 91  1 19 44 14 16 95  3  6 51 19  2 81  5 14 89  2  9 38  4  1 61 10 18 61  8  3 36 16 13 66 17 15 14 13  4 38  9 17  5
 5  1 75 20 11 52 14  9 26 19 19 82 12  6 53 17 20 21  6 13 64 15 15 93  3  5 11 18 12 36  4  3 13 16  8 42 11  7 56  7 14 81 10  4  6  1  2 30  2 16 20  9 18 57 13 10 40  8 17 92
 3  1 92 13  2 37  1  5  9  2 11 81 17  8 74  7 16 55 19 17 34  5 18 34  6  7 35  4 12 14 10  4 55 12 19 86 16  3 94  9  6 86 18 20  9 20 14 53 11 10 33 15 15 84  8  9 80 14 13 95