50 20 20
17 18 91 14 12 54 11 16 97 19 15 79 13  7 21  2 17 22  4  3 93  9 10 67  3 20 17 16  4 84  7 19 13 10  9 43 15  8 97  1  5 41  5  6  4  8 11 35 12 14  6 18 13 93 20  1 32  6  2 35
 2 13  2 13  9 54 20 19 77 15  5  9 17 11 97  8  8 10 19  3 45  1 10 81 12 18 76  5 16 37  4  1 26 10  6 70  9 17 33 16  7 58 18  2 38  7 20 77 14 12 86  3  4 53  6 14 47 11 15 20
17  7 71 18  2 69  6 14 95 15 20  4 14 18 23 12  8 89 20 19 87  5  5 20  1 15 67 11  1 65  8 12 86 10  9 73 16 10 93 19  6 26  2 11 98  7 13 37 13  4 67  4  3 87  3 17 33  9 16  6
 3 14 68  1 20 16 20 18 12 15  9  5 14 11 33 11 17 87 12 10 96  6  8 46 19 16 87  2 15 89 17 13  3  7  7 34  5  6  2 18  1 96  8 12 67  9  3 37 16  5 30 13 19 50  4  2 84 10  4 27
11 17 37 15  5 89  9 12 92  2 20 68 20 13 20  4  2 80 16 14 76  7  3 74  8  8 11 18  1 38 13 16 60 17 19 97  5  6 42 12 10 73  3 15 28 10  9 69  1 11 90  6 18 44 19  4 27 14  7 54
16 10 24  4  2 36 11 20 82 17  6 13 12  1 33 18 13 80  1  4 44  9  5 99  2 18 80  5 14 82 10  7 79 15 15 62 13 16 31  8  9 27 19 12 72  3 19 12  6 11  4 20  8  4 14  3 11  7 17 35
12  9 83  9  3 57  3 10 19  5 20 80 20  6 20  8  5 16 15  7 96 19 12 24 11  4 64 14  8 93  6  2 61  1 16 86  7 14 46  4 17 58 17 18  2  2  1 19 16 19 46 18 11 50 10 15 79 13 13 84
13 12 14  7  6 16  9 15 76 11  3 89 19  5 85  8 20 86 15 13 60  5 19 44 16 10 28 12 16 63 14  2 10 17 14 44  3  9 26 10  8 61  6 11 92  2  1 30  1 18 19  4  7 27 20 17 22 18  4 86
20 10 22 10 17 62  6 19 75 13 18 10  2  3 78  4  6  3 19  4 97 14  2 88  9  5 10 18 16 46  3  8 21  7 12 51 17 15  3 12  9 94  8 14 82  1 13 26 15  1 83 16  7 57  5 20 86 11 11 61
18  5 80  1  1 81  7 20 25 11 17  5 10 19 75 19  2 38 16 15 16 12 16 20  9  8 50  3 18 52 15  3 17  6 14 86 17 10  6 13 13 49  4  6 74  8  4 82  2  9 86 20 12 26 14  7 80  5 11 46
11  5 94 12 16  7 14 11 27 15  1 26 19 18 97 13  3 14  4  8 27 18  4  3 10 13 12 17  6 82  1 15 46  7 14 21 20 10  1  9  2 99  6  9 83  3 17 22  8 20  2  2  7 42 16 12 61  5 19 79
 6 19 17 15 17 67  2  2 61 14  1 72 12 14 49 16 13 91  9 20 38 19 11 28  8 18 34 13 16 14 17 15 50  3 10 49  4 12 40 18  8 63 20  4  5  5  6 80  7  7 70 11  9  3 10  3 62  1  5 43
14 11 58 13  1 39  6 19 52  1 16 68  4  8 71  2 20 86 10  3 61 11 18 53 17  7  1  8 10 97 18  4 53  7  2 51 20 13 25 19  9 16 16  6 91  9 12 93 15 14 37  5 17 61  3 15 41 12  5 49
12  9 20  1  1 24 11  4 58 20 16  8  5 11 72 17 14 30  4 20 15 15 12 86 13  6 31  2 18 40 10 19 72 16  3 77  9  8 34  3  5 45 19 17 83 18 15 85 14 13 19  6  2  5  7  7 77  8 10 75
19 11 61  7 18 89 14 17 77  1  4 44 20 10 32 10  3 86  4  5 40  9  7 23 11  2 35  2  6 57  6 20 33  3 12 16 17  8 60 15  1 70  8 19 67 12 15 37 18 13 42 13  9 24  5 14 75 16 16  1
 1 18 22  8 13 32 14 15 21 13 19  3  9  6 69  4 20 77  3  5 53 19  4 64 15  9 34  2  8 15  6 12 58  7 10 55  5  1 68 18  2  5 16 11 20 17  3 88 20 17 91 10  7 79 11 14 55 12 16 16
 7 18 53 15 13 84 12  9  1  9 11 66 20  1 14  4  2 83  3 17  1 13  3 96 19  5 54 10  6 30  1 16 80 18  7 81 16 10  9 14 12 49  5 14 32  6 15 19  2 20 92 11 19 65  8  8 88 17  4 64
 4  7  4 17  1 68  2 15 79 18 12 21 19  3 84  1 13 92 11 10 66 20 19 51  3  2 83 13 20 96  5 18 68 16 11 38  7  6 38 15 16 99 14 17 76  6 14 46  8  9 57 12  4 66 10  5 75  9  8 88
 1 17 58 10 16 56 17 15 35  4 19 59 11 20 82  9  4 24  2  8 96 13 11 24 16 10 55 14  5 80  7  6 34 20 13 69 18 12 53 15  3 98 12  1  8 19 18 81  8  2 81  3  9 38  6  7 39  5 14  3
19 14 59 17  4 81 10  3 30  2 17 76  8 10 71  1  8 85 11 16 80  5  6 36 20  2 57  7 12 96 14 20 34  3 19 14  9  7  3  4  5 90 12  9 99 13 18  9 18 15 42 15 13 95  6 11 27 16  1 27
19  6 28 15  1 11  3  5 66  7 16  2 10  2 35 14  7 69 20  3 61 11 17 84  8  4 73  5 11 56 18 13 98 16 15 81  9 14 72  4  8 92  1 20 23 13 18 21  6 10  5 12 12 95 17 19  5  2  9 22
13 12 16  1 15 77 17  9 85  4 16 76 20  6 46 10 18 36 19  3 89  8  8 99 14 10 44  3 20 37  6 14 49 16 19 80  7  2 61  9 13 87 12  1 41  2 17  6 15  4 83  5  5 79 18 11 44 11  7 83
17  6  9 19 12 84 11 15 99  7 14 38 18  2 68  6 17 77 10  5 51  3 19 68  4 18 69  1  1  6 13 13 26 12  9 99  8  7  6 20 10 34  2  3 27 14  4 51 15 20 82  9 16  5 16  8 90  5 11  1
12 10 85 16 18 64 10  7 55  2 13 76 20 17 89 19 16 68 17 12 34  5 15 14  4  4 52  3  9 33  1 11 91 15 20  4  9  8 18 18 14 95 13  1 76  8  2 40  7  3  8 14  5 36 11 19  5  6  6  1
16 10 51  3  9 33  4  6 80  6 12 90  2 18 75 10 19 47  9  2 65 20 20 42 19 16 16 17  4 11 13  5 38  8  3 83 14  8 48 12 11 74 15 14 15 18  7 10  1 17 89 11 15 41  5  1 97  7 13 97
13  2 16 18  9 47  1  5 21 15 20 95  9 16 20 16  7 89 14  8 22 10 10 11  7 13 15  8  4 37  6  3 65  3 12 28 20 11 39  2 18 88 19 19 14  4 17 28 12  6  6  5 15 24 17 14  4 11  1 23
 9  6 14  4  7 66  1  9  4 20 10 58  3 11  7  7  1  6 17  5  5  2 13 48 13 19 54  8  3 59 12  4  2 10 16  1 14 14  4 16 20 82 19 18 75 15  2 24  6 12 66  5  8  4 11 17 20 18 15 79
12 11 50  2 19 23  4  5 15  7  9 14 20  2 91 11 15 86  3 13 96 10 10 63 14 16 16  8  6  3 13 20 64  6 18 59 18  4 68  9  1  9 16 17 59 15 14 86 19  8 47  5 12 50 17  7 89  1  3 37
 5  4  2  7 20 84  8  5 29  3  8 72 16 18 60 13 10 52  2  3 16 20  2 39  4  6 89 18 15  1  9  7 72 11 14 97  1  9 17 19 12 33 12 11 19 10 16 21  6 17 16 15 13 89 17 19 48 14  1 81
 6  2 46 20 14 33 15 15 94  8  7 45 13 18 30 17 11 65  3  3  4 12  8 56 16 12 22  7  9 29 14 17 82  9 10 12 11 20 53 18  4 99  4 16 40  1  5 34 10  6 59 19  1 11  2 13 73  5 19 97
20  6 88 18 17 68 19  2 32  8 19 99 13 18 75  2  8 45  6  9 38 17 12 98 10 15 18 16  7 29  3 20 47 11  1 79  7  3  6 15  4 77  5  5 17 12 11 56  1 13 21  4 16 20  9 10 96 14 14 63
 5 10 33 12  5 56 17  6  9 13 18 65  7  9  9 14 20 23  4 11 64  2 13 68  8 12 25 20  7 94 16 14 61 11 17  3  6  1 16 15  3 89 19 16 55 18  8 77  3  4 30  1 15 45  9 19 75 10  2 31
17  4 22 18 10 69  7  3 91  4 14 25  3 13  7 11  8 69  6 16 55 12 18 57 15  5 10  1  1 59 19 11 60  9  2 44  5 15 75  2  9 31 10 20 87 14  7 29 13 19 96 20 12 37  8  6 36 16 17 71
12 14 81  1  2 29 14 17  1 11 12 98  5 11 17 16  9 53 10  1 33 15  5 64 13 13 47  6 10 17  2  6 34  3 18 84 18 19  5 19  4 19  9 16 48  4  7 49  8  3 69 20  8 98 17 20 57  7 15 80
 7  5 71 15 15 72  6 17  8 10 10 70 17 20 74  8  9 42 13 16 87  5 18 89  3  4 50  1 19 13 18  7 97 12  2 47  4 12 77 20 13  5 16 14 74  2  6 37 14  1  9  9  3 56 19 11  8 11  8 19
11 10  7 10  5 46 20 19 10 17 17 99  8 14 32  3  8 20 15 16 73  1  6 27 16  2 14  9 15 25 13  3 84  4 11  5  7  7 75 12 20 14  2  1 43 18  9 56  5 12 12  6 13 59 14  4 52 19 18 10
 3  5 89 12 19 64  7 14 58  2 18 76 17 11 89 11 12 59 14  6 58 15 10 40 20  1 45  6  3  3 10  8 39  9  4  6 13  7 69 16 17 28  8 20 65 18 15 23 19 13 55  1 16 93  5  9 58  4  2  5
15  5 25  9  2 60 10 18 75 19 16 34  5 15 66  7 12 81 12  8 18 17  9  5 11  7 31 13 14 63 14  4 33  3  3  8  1 20 81 16 13 68  4 11 28 20 10 91  2  1 91  6 19 74 18 17  7  8  6  7
18 16 19 12 19 50  2 13 65  1  5 53  3 10  9 17  3 90  8  9 69  4  6 50  5 18 58 16 14 13  9  1 69 20  2 10 19 11 58  7 12 10  6 17 91 11  8  5 10 20 37 14 15  9 15  4 93 13  7 94
 7  7 46 19 19 55 13  5 99  8 12 28 17 10 95  5  4 94 12 11  4  6 14 51 14 20 59  4  6 10 18 16 79  2  2 70  9  1 35 16 13 82 15  9 35  1 17 84 20 15 34  3  8 87 11  3 91 10 18 69
17 19 12 13 20 31 14 13 94 11  4 65 16 17 13 10 14 16 19 16 39 15  7 46  1 11  4  7  8 74  6 12 50  3  6 40  9 18 81  5  1 47  4  3 96 18 15 67  2  2 94  8  9 53 12  5 22 20 10 17
 2 11 23 17 19 24  3  5 66 15 14 15  6 17 56  5  2 84 18  6 79  9  7 25  1 12 13  7  8 72 20 10  7 14 15 81 12  4 62 19  1 50 10  3 91  4  9 77 13 20 32 11 18 10 16 13 78  8 16 78
 4 11 21  9  1 78  6  3 21 14  2 10  8 12 88  2 17 23 15 18 92 13 15 34  1  6 88  3  9 48 18  8 66 11  4 71 10 19 55 20 16 25 17 14 43 16 13 24 12 20 87  7  5 59 19 10 90  5  7 63
 3 20 90 20  2 22 10 19  6  7  6 50 17  1  9  2 12 18  9 13 19  4 17 52 12 18 83 13  9 66 15 10 66 18 11 39  6 14 10 11  8 80 16  4 55 14  7 38 19  3 29  5 16 41  1 15 63  8  5 32
12 11 91 19  6 27  7 16 72 17  5 71 11  9 61 16  8 35  6 19 17  8 14 26 18  1 42  3 12 64  2 10 11 20 15 33  9  2 84  5 18 12 15  7 18  4 13 57  1 17 43 10 20 24 13  4 77 14  3 85
14  9 62 11  3 49 17  1  5  5 19 46  7 14 93  6 16 85 19 10 92  4 18 30 16 15 64 18  6 77  9 17 38  2  5 30 12  7 31 20 12 25  3 13 90  1 20 79 13  4  3  8  2 52 15  8 87 10 11 30
 6 19 87  9 20  4 11 11 57 13  9 43  1  8 55  3  4 21 10 16 30 18  6  1 19  3 72  7 18 75  5 15  9 15 17 49 20  5 91 14 13 39  8 14 40  2  2 59 17  1 20 12  7 27  4 10 67 16 12 22
13 14  2 14 18 47  5  5 91 19 20 11 12 13 70  9 17 97 20  8 78 11 19 69  4  9 17  2 15 40  6  7 57 10 16 32  1  3 67 16 12 26 17  4 23  3  2 55  7 10 14 15  6 77 18 11 77  8  1 82
14  3 34 12  2  1 19 15 64  3  7 90 20  5 37  7  4 47  2 13 27 13 14 54 10  9  3 11 10 94  8  8 25 15  6 33  4 19 12 16 11 27 17 12 32  6 18 49  5 16 35 18  1  5  1 20 73  9 17  3
 9 14 28 13 17 54  6  1 45  2 20 32 17  9 53 19 15 99  1 18 85  5 13 86  7 16 13  3  8 99  8  6 64 11 11 77  4 12 82 20  4 32 16  7 75 12 10 32 18 19 68 15  2 16 10  5 63 14  3 81