100 20 20
 4 15 47 14 12 51 16 20 15 11  6 47  9  8 13 10 10 94  7  1 81 20  9 99  5  5 94 18 16 76 15 18 65  1 17  3  6  7  6 13  3 16 19 13 46  8  4 93  2 19 19 17 14 70  3 11 80 12  2 55
 5  4 48  3 17 22  7 12 29 19 14 36  1 20 50 17 15 47  2 11 86  8  2 58 20 10 90 12  9 78 13  7 33 14 16 38 10  5 77 15  1 75 18 18 79  9 13 40  6  6 28  4 19 13 16  8 94 11  3 69
 3 11 57  2  4 87 11  2 19 19 18 59  1  9 70  5 20 97  4 10 38 12  7 64 17  3 42  9 12 70 14 17 42  7 16 35 10 15  1 16  6 23 20 14 70  8  5 76 13  8 87 15 19 83  6  1 19 18 13 23
16 12 68 10 11 79 18  8 61  2  6 42 15  1 30 17  2 48  4 10 85  9  9 99  6 17 26 19  5 37  5 18 56  1  3 67  8 14 51 20 16 74 13  7 80 11 19 96 14 15 39  7 13 97  3  4 85 12 20 29
12 17 86 16 10 64 17 14 70 13  3 29  5  1 53  8  4 72  7 13 38  1 19 95  2  5 86 19  7 60  9  2 26 20 20 58 10 12 63  6  9 12  4 15 89 11 18 49 18 16 65 14  6 94 15 11 62  3  8  5
 2  1 90 11 11 17  5  9 27 12  7 93 14  3 84  1  5 28 18 12 65 17 13 40  9  2 14 19 14 19  7 19 60  8 17 52 13 15 60  4 16 70  3  4 92 16  6 37 20 10 83 10  8 62  6 18 52 15 20 77
 6  3 69  4  4 47  1 13 29 13 14 52 12  6 23 20 11 31  2 16 10 17 15 84 18 18 14 11 17 33  8  7 37 16 10 68 14  8 70  9 19 46  5 12 89  3 20 34  7  1 26 19  5 77 15  9 31 10  2 94
 3 15 38  2  5 10 18 14 97  5  4 72  1  9 29 16  2 16  4  1 59  6 10 54 13 11 70 14  6 75  7  3  8 11  8 28  9 13 73 10 18 59 15  7 92 12 16 64 17 17 72 19 19 84  8 20 96 20 12 57
19  4 49 16 19 61 15  6 17  8 13 56 13  2 92 20 16 33  7 20  6 17  1 46 11 10 69 12  5 74  5 14 99  9 15 76  6  9 56  3  8 18 14 18 78 10  7 30  4 12 95 18 17 46  1 11 57  2  3 22
11 17 55 10  2 24 13  9 97 17 20 18 18 11 40 19 12 12  9 13 37  8  6 74  2 10  5 20  3  3  1 15 19  7 14 61  4 19 19 14  7 71 15 16 86 12  8 66  5  4 85  3 18 65 16  1 76  6  5 92
13 17 82  9  6  7  3  7 54 10  5 48  1  8 12 18 14  4  4 15 89 12 10 10  7 13 15 11  3 45 19 11 64  8 12 99 20 16 47  6  4  9 14 18 66 16 20 28 17  1 54  2  9 94  5  2  2 15 19 85
 4 11 64  5 19 93 19  2 24  6 13 96 10  3 74 11  1 71  8 10 21 12 17 37 18 20 37  3 18 51  1  7 51  9 14 81 13 15 78 20  8  6 16  9  3  7 16 82 14 12 77 15  6 36  2  5  8 17  4 17
16 17 86 12  5 88 14 11 38 18 19 69  7 20 28  9 10 93  8 12  2  1  7 41  2 14 77 17  4 98 11 15 69  5 13 94 20  6 73  4 18 20  6  3 14 10  8  3 19 16 94 15  2 81 13  9 34  3  1 44
12  1 31  8 17 35 14 11 79  7  8 39 17  9 83  3 10 86 18 13 83 11  6 15 10 15 69 13 20 33 19  2 35  9  5 33  4 14 85 15  4 60 20  3 90  1 16 33  5 12  7  2 18 86  6  7  8 16 19  7
16 16 82  2 14 40 17 15 33  5 18 63 14 20 90  1  6 37 19  2 28 18  5 43  4  3 68 20  8 12 15 12 35  6  1 78 10 11 82 13  7 44  8  4 99  3 17 64  7 10 76  9 19 41 12 13 26 11  9  3
19 19 52 17  4 19 10  3  6 18 12 20  6 20  1 15  6 26 12  7 90  7 11 44 16  9 27 11 16 18  2 15 51 20 14 80  1  2 10  9 18 51  4 17 41 14  5 44  3  1 85 13  8  2  8 13 78  5 10 86
 8  1 88  6 19 61 12  8 20  7  4 56 13 14 12  2 16 69  1 20 34 19  9 55 14  6 34 20  5 84 11 13 62  5  3 72  3 12 74 16 11 63 15 15 95 17 18 29 10  7 24 18 17 34  9 10 89  4  2 83
14 16 90  6  4 26 17 18 98  8 17 65 19 12 31 15 10 10  3  5 15  2 11 93 13 13 79 18  6 77 20 19 61 12  1  1  7  7 48  5 20 22 16  3 27 10  9 21 11 15 17  9 14 45  4  8 96  1  2 11
12  1 83 19  5 52  7  7 70 13  9 78  4  3  7  2 10 28 17  6 97 20 13 52  1 18 29 11 20 81 15 16 60  9  8 91  8 14 80  3 17 54 14 11 35  5 12  3 16  4 31 10  2 98 18 19 97  6 15 77
17  9 39  2 19 41  3  3 10 15 20  9  6  7 93 14 10  7 12 14 49  4 18 20 11 13 45  5 15 59  1 17 28  9  5 93  8  1  4 10  6 51 19  8 67 20  4  5  7 11 18 13 16 52 16  2 47 18 12 21
15  8 49  2 14 63 20  3 96  7  6 85 16 19 90 18  5 25  4 16 82  1  2 58  3 17 15 12 13 67  5  4 50  8  9 66 13 18 92 10 20 56 17  1 82 19 11 57 11  7 16  9 15 34 14 10 99  6 12 61
10  9 82  8 12 31 16  6 22  5  2 16  6 13 87 20 20 48 12 17 59  7  7 63  2 16 29 11  3 99  9 18 48 17 15 36 13  4 91 15 11 61 19  5 59 18 19 28  1 10 25  3 14 69 14  8 65  4  1 62
12 10 57  4 11 97  8 16 31 17  2 15  3  7 25  2 15 83  7 17 98 13 20 55 10  9 66  5  4 31 14  5 20  1  3 99  9 13 13 11 12 88 20 19 25 18 18 75 16 14 90  6  1 84 19  8 70 15  6 41
17  3 17  3 18 54  7  1 63  8  6  1 20  4 95 14 12 59  9 16 22 19  5 46  5  7 10  4 17  1  1 14 21 11 13  3 10 11 84 15  9 93 18  8 59 16  2 78 13 19 73  2 10 59  6 15 42 12 20 63
11 11 72  3 13 80 14 12 12  6  8 56  9  1 22 10 19  8 16 18 93  7 14 27 18  2 17 13  9 38 15  4 26  1 10 51  2 15 43 20  7 80  8 16 94  5 17 72 19  5 78 12  3 29 17 20 90  4  6 46
15  9 46  2  6 43 13 15 75 11 16 90 17  7 29 10 18  8 12 19 92 18 20 16  6  8 62 14 10  6  9  2 89 19 12 44 20  4 41 16 17 32  8  1 10  7  3 85  5 13 16  3  5 23  1 11 91  4 14 46
18 13 35 10 19 17 17 14 93 11 11 45  1  8 93  7 20  2 19  1 79 13 18 19 16  9 35  6  3 89  8 17 48 14 10 13 15  2 61  4 12 51  9  6 37 20  5 44  2  7 17 12  4  4  3 15 76  5 16 50
16  1 59  3 16 69  9  4 79  7  8 66 20 15 95  5 13 50  2  3 14  1  7 61  4 17 89 15 18 54 17 11 23 12  2 33 19 10 81 11  9 21  8 19 16 18  5 91  6 14 78 10 12 55 13 20 46 14  6 54
 8  4 32  3 12 58 12  2 26 20 20 52  4 13 14  2  1 59 15  8 67 18 15 69  5  6 95 16  5 62  1 19 57  7 16 47 10 18 72 19  9 63 17  7 34 13 17 97 11  3 41 14 11 47  9 14 39  6 10 24
 1 15 74  2 20 38 16  1 10  6  9 24 15 12 98 18  2 51 14 16  5 17  5 86  3  7 38  5 17 61  8  6 45  7  3 42 13 14 60 12 19 40 20  8  8 10 13 26 11 11 48 19 10 85  9 18 35  4  4 87
 8 11 87 20  8 23  4 10 26 16 16 87  2  7 45  1 17 46  3  9 90 11  2 50  5 13  5 15  4 79 10 18 87  9  5 40 12 15 28 18  3 96 17  6 85  6 12 18 14 14  4 19 20 25 13 19 20  7  1  6
14  6  3  6 17 30 13 11 47 16 10 65  4 19 35  8  3 29 20 13 83 15  5 37 17 16 67  2  1 82 10 14 93 18  2  1 11 15 69  3 12 66 12  7 31  9  9 36  1  4 35  5  8 66 19 20 74  7 18 95
11 15 11 18 11 34  9  1 31 15 17 65  7 10 23 20 14 45  5  4 69  6 18 35  2  7 92  3  5 50 10 13 97 12  6 78 19 20 72 17  9 98  1  3 53  8  8 70 14 12 81 16 19 97 13 16 60  4  2 86
12 12 99 17  8 66 10 18 86 14  9 78  8 13 96 11  1 47  3 19  4 19 16 91 20  2 79 13 15  2 15  4 61 18 17 64  1  7 51  6  5 85  4 11  2 16 10 56  2 20 87  9  3 41  7 14 73  5  6  4
19 13 87 13  8 18 18  3 18 20 17 27  7  2  3 16  4 28  3  6 96  1 11 62  2 20 28 12  7  9  8 14 67  5 16 65 14 15 27 11 10 99  6  9 37  9  5 36  4  1 14 10 12  2 17 19  8 15 18 46
11  4 62 17  8  5  2 12 48  1 18 94  8  6 92 13 16 31 15 19 60 16 13  9 18  3 39 12 20  2 14 15 67 19  9 48  6 11 19  5  7 77 10  2 19  3  5 37  4 17 13  9 14 84  7  1 10 20 10 91
 3 10 58 20 14 88  1 20 58  2 17 99  6 12 46 17  3 25  9 11 40 19 13 21 12  6 86  4  1 78  8  5  8 11 16 84  5  2 29 13  8 70 14  4 84 16 15 49 15  9 48 18 19 28  7 18 63 10  7 65
19  5 98  8  9 54 13  7 19 17 18 96  9  3 48 20 13 44  7 16 48 14 12 96  3  2 20 15 10 46 10 14 88  4 20 53 12  4 51  1 19 55  2 15 12 11 11  9 18 17 76  6  6 20 16  1 71  5  8 33
18 14 39 13  3 42  2 15 68  6 17 48  8  6 54 10 13 79  3  1 50 12  9 26  9 20 28  1  2 57  5 16 37 17  7  1  7 12 45 15 11  2 14  5 57 20 10 23  4  4 26 16 18 97 11  8 44 19 19  2
 5 13 63 19 12 16 15  1 78 14  7 20 10 14 16  6 10 53  8  6 38 17 11 77  3 19 47 11  8 46  9  9 33  4 16 95 16  3 67  2  4 45 12 17 98 20 15 48 18 20  1  1  2 83 13 18 68  7  5 11
15 12 55 12  4 69 11 20 63  3 19 58  9 14 11  1  6 80 20 18 23  4 17 67  6 10 10 10  5 63 18  9 52  5 15 34 19  8 25 16  7 78  2  2 83  7 13 28 14  3  3  8  1 96 17 11 34 13 16 43
 4  2 41 18 19  6 13 17 27  6  8 16  3  1 15 14 11 72  9  6 73  2 12 84 11 10 66 17 18 74 15 16 56 19  7 54  7  3 98 16 20  9  8 13 77 10  4 98  1  5 66  5 14 60 12 15 28 20  9 12
 5  4 26 14 18 56  1  1  8 18 13 29 15  2 97  8  7 63 19 15 83  6  5  9 11 17 94 13 12 43  7 16 13  2  6 15 12 14 16  9 20 96 17  3 53 10  9 30  3 11 30  4 10 49 16  8 91 20 19 78
12 17 80  6  2 55 13 11 65 19 15 96  7  5 29  9  3 66 18  7 61 15 20 84 20  9 15  2  8 31  4  6 45 11 18 74 10 19 11 16 10 41 14 16 33  3  4 79 17 12 46  8 13 87  1 14 69  5  1 97
18 11 13 15  5 71  8 12 94 19  8 18  5  1 82  7 10 62  4  2 37 13 17 26  1 19 81 12 20 34 10  6 31  6 14 17 20  4 78 17 18 43 11  3 81 16 15 32 14 13 53  2  7  6  3 16 61  9  9 93
19 19 41  4  2 94  6 14 53  3 11 28 14  1 88 15 18 76 12  5 45  7  9 96  5 20 60 11 16 11  9  8 95 13  4 96 10 10 20  1 15 27  2  6 65 18 13 15 16  3 17  8 12 22 20  7 90 17 17 77
12  9 96  4 19 78 10 18 45 19 10 10  2  8 58  3 15 95 11 17 10 14  7 21  5  2 49 13 11 54 18  1  2 17  4 99 20  6 96 15 20 14  9 13 63  6  5 86  1 16 61  8 12 45  7 14 59 16  3 38
12  7 28 18  6 72 13 10  1 11 14 59  1  4 10 15 16 73  5  3 31  3 15 85 16  9  8  7 11 70 20 18 68  2  8 20  8 17 61  4  2 40 10  1 90 14 20 70  9  5 54 17 13 58 19 12 66  6 19 78
15  2 51  8  1 71  6 16 52 12  3 72  5 18 69 17  7 55 10 14 11 11  8 95  1 17 21  2 12 61 14 19 81  7 20 31  9  9 33 13 11 32  4  6 19  3 15  4 18 13  5 19  5 51 20 10 26 16  4 31
17 19 39  2 14 90  1  8 99 18 12 48  6 17 21  8 18 45 12 10 72 10 16 49 14 15 73  9  7 95 13 11 52 11  2 69  5  4 59  3  6 35 16 20 85 15  5 18 19 13 32 20  9 89  7  3 93  4  1 21
10 18 73  1 10 47 17 20 77 19  5 92  8 12 63 16  8 52 13 13 30 12  6 94  2 15 52 11 17 70 14  4 88  5 11 21  3  9  1 20 14 11 18  2 25  7 19 50  9  1  8  6 16 94 15  7 55  4  3 48
13 15 93  6  5 33 15 16 62 18 11 10 14  4 31  4 10 37  7  8 62  8 18 52 10  1 47 16 19 34 17  2  2  3 14 85  9 13 72 19 12 30  2  6 29  5 17 83  1  7 19 20 20  7 12  3 75 11  9 94
20 14 57  4 15 33  3 18 33  5 10 55  6 20 86 11  8 44  7 13 89 13  5 47  1 19 47  2  3 48 10  2  6 19 11  3 16  4 82  8  7 13 15 16 40  9  6 77 12  1 34 17  9 66 14 17 45 18 12 38
19 19 52 12 15 15  7  4 47 15 14 38 10 20 25  5 17 43 16  3 22  3 18 80  1  9 52 17 10 76 13  8 86 11  7 35 18 12 44  6  1 46  9  2 41  4 16 93 14  6  9  2 13 31 20  5  4  8 11 80
 6  1 46 10 10 62  9  3 86  2  8 28 12  7 86  4 14 80 13  5 12 17 13 60  7 15 95 16 16 30 11  9 31 14 12 88 19 19 28 18 18 69 15 11 84 20 17 14  8  6 76  1  2 36  3 20 67  5  4 32
14 10 16  4  8 76 16 20 86 12  1 54  5 14 24  2  2 41  7  3 52 11  5 88  6 13 32  9 11 33 18 16 99 15 19 56 17 12 22 20 17 21 19  4 24 10  6 48  1  7 74  8  9 15  3 18 56 13 15 80
 4  5 54  8 15 51  5 13 35 14  3 73 12 14 18  3  9 23  1 16 64 16 11 96 15  1 74  6 10 13  2 12 94 11  4 18 17 17 86 13  2 64  7  7 76 20 20 34  9  6 39 19 18 45 18  8 22 10 19 88
 5 16 91 16 19 53 17  9 54  2  5 29  6 20 29  4 12 35 13  3 71 10 15 39 19 18 60  1  8 25  8  7 39  9  2 34  7 11 72 15  1 73 14 13 30 18 17 95 20  4 20  3  6  5 12 10 98 11 14 87
 8  3 94  1  1 96 19  7 88 12 15 41 15 18 93 11  4 72  6 16 28  7 14 85 10 19 96  4 20 50 20 17 11  5  5 55 17 10 22  9  9 31  2 12 36 16  8 85 14  2  4 13  6 41  3 13 64 18 11 59
 6  9 57  2  4 79  7 14 65  4  5  3 18 10 82  3 15 56  1  1 28 13 11 12 11 16  7  9 18 74 14 13 15 16 20 26 12  6 23  8  8 31  5 17 74 15  2 28 10 12 74 17  7 46 20  3 17 19 19 18
 5  3 64 18  2 97 10  8 84 19 17 35 13 12 85 15  9 10  8 14 23 17 13  2  2 10 96 20 15 91  3  5 70  9 20 59  6  6 52 11  4 42 12  7 99  1 19 53 14 11 47  7 16 63 16  1 81  4 18 16
 5  8 35 19 19  9  1 18 18  3 20 21  9 10 74 20 14 67 16 17 99  6 13 49 13  5 79 10 11 69  8  2 82  7  4 97 17  3 75  2 16 16 18  6 68 11  1 74 12 12 96  4  9 54 14 15 95 15  7 73
 8 15 71  2 12 11 11  4 40  3  3 84 16 19 91  1  9 39  4 11 19 10  1 40 13 20 87 18 16 45 15  2 78  5 17 74  6  8 67 17  6  1 12 18 32  9 10  9 20  7 63 14  5 68  7 14 94 19 13 93
 6 12 52  9  8 62  4  6 15 18  5 27 11 16 80  3  4 34 20  1 90  5 15 59 12 11 87  8  3 33 13  9 50 14 10 36 16 17 83 19  2  5  2 20 60  1 13 28 15 14 51 10 18 72  7  7 96 17 19 44
17 18 52  2  7 23  8  5 77 13  4 25 12  6 45 11  1 13  4  9 29 15 13 19  5 12  6 14 11 77 16 15 52 18 19 92  9  8 35 20  3 83  6 17 42 10 10 78  1 20 27 19 16 65  7  2 88  3 14 19
 4  7 81 12  6 17 19 11 24 13 18 42 16  9 22  1 17 37 20 14 77 18 13 19  8  8 62  9 16 98  6  2 21  2 10 64 15  1 48 10 15 20  5  5 99  3 20 69 17  3 30 14 19 78 11  4  7  7 12 64
 7  6 84 15  2 88 20  7 23  9 11  6  4 15  8 11 20 98 10 19 86  1 13 78 16 17  2 17  5 52  6 18 28 19 14 91  8 10 28 18 12 79 12  3 74  3  4 30  2  9 61 14  8 29 13  1 35  5 16 49
12  8 79  1 11 49 11 15 64 13 16  1 18  2 40 19 17  1  8  9 68  6  6 16  3 14 90 20 20  7 10 13 30  9  4 13 14  7 19 16 10 83 15 18 28 17  3  8  4  1 98  7 19 82  5  5  9  2 12 15
 6 10 53 15  5 29  2  8  6  8  6 83  5 14 99  4 15 75  3 12  1 16  2 46 12 13 44 18 17 52  9  1 49 11  9 43 10 16 41  7 19 53  1 20 10 19 11 60 17  4 10 13 18 63 20  7 86 14  3 12
 9 15 35  3  4 92  4 17 58  7 19 39 12 14 82 18 13 27  8  8 98  2 20 31 16  7 23 13 12 41 10  9 92 15  5 80 11  3  4 19  1 69  5 16 82 20 10 14 14 18 67 17  2 70  1 11 89  6  6  4
17  6 38  3 15  7 18 12 65 13 18 15 10 14 15 12  3 99  9  2 44  4  5 49  8  7 66 11 13 95  1 20 21  5 19 61  2 17 43 20  9 36 14 16 64  6 10 32  7  8 83 19  1 91 16  4 13 15 11 97
 9 11  4 20 16 97  1  3 79 12  7 86  5 18 76  8 19 38 17  2 83  4 20 15  7  6 26 10  9 51  6 14 24 13  5  2 18 17 28 11  1  5  2  4 44 15  8 96  3 13 72 19 10 39 16 12 74 14 15 66
 4 13 36 16 17 87  2  3 55 17  6 44  7 14 45 10  1 86  6 10 55 13 19 41 11 20 54  8 15 97 15  4 75 12 12 61 20  5 32  3 16 20  9 11 63 19 18 89 18  7 82 14  9 39  1  8 87  5  2 68
 8 17 56 13  7 53 17  2 58  4 19 75 16 11 94 19 12 33 18 15 17  6 16 75 10  1 11  9  9 50  3  8 57 15 10  7  1 18 22  7  4 94 20 14 24 14  6 24  2  5 35 12  3  5 11 13 12  5 20 72
12 14  8 11  4 68 16 17  2  8 20 24 20 15 68 14 19 65  2  2 35  4  7 14  7 13 11  3 11 74  6  1 75  1 12 81  5  5 47 15  9 46  9 16 46 10  8 28 19 10  6 17  6  9 18  3 11 13 18 62
 4 20 17 14 10 51  1 17 60 17 14 75 18 18 67  3  1 45  9  9 66  8  2 74  7  4 55 19  3  2 12 19 22 11 13 99 13 12 99 20 16 76  6 11 77 15 15  2 16  5 31  5  8 81  2  6 73 10  7 23
12  2 49 19 13 12  9  3 86  3 14 88  5  9 59  1 12  5 15 15  4  4 10 24  8 19 98 13 18 59  6  5 11  7 16 65 20 20 81 16 17 99 11  1 11 18  8 47 14  4 82  2  6 54 10 11 80 17  7 97
12  8 88  6 20 79  7  7 14 14 11 69  2 17  5 10 12 65 17 10 32 15  1 57  4  9 96  1 18 44  9  3 76 18  2 24 16  6 44 13 19 16 19  5 21 11 16 34 20 13 70  5 15 80  8 14 67  3  4 91
 9 12 75  4 13 32  8 11 51 12 16 31 15  2 98  2  3 63  1  5 18 19  9 91  5 17 84 14  1 28 13 10 52 20  4 84  7 14  5 16  8 44  3  7 53 11 15 23 10 18 73 17 19 94 18  6 45  6 20 30
18 18 44 16  9 11 15 19 72 14 10 81  4  7 34  3 16 50  7 13 21  5 14 42 13  2 71 10  6 33  1  5 92 19 12 96  6  1 21 20  4 76  2 15 17  8 20 85 17 17 73 11  8 67 12 11 60  9  3  2
 3 16 46 13 15  4  1 13 63  9 19 61 18  3 66 11  1  2  5 17 22  2 10 36 17  4 10  6  6 33  7  2 59 10 11 54 15 12 92 19 14 30 20  9 68 16  5  4 14 18  3 12  8 47  4  7 37  8 20 47
19  6 98  4 20 13  5 12 34 15 10 88 10 18 30 17  2 63 11  5 81 12 19 16 14  9 83  1  7 35 16  8  5 20 15 13 18  1 14  2 17 20 13 11 43  6  4 37  7 13 43  3 16 66  8  3 14  9 14  9
 2 11 61 20  9 55 12 17 69  9  3 89  7  6 46  3  4 50  5  7 75  1 13  8 16 12 88 13  1 65  8 15 15 18  2 74 15 10 71 19 20 68 14  8 91  4 16 49 11 18 52 10  5 49  6 14 65 17 19 22
18 20 34 13  7 63  7 17  6  5  1 89 16 16 60 15 19 95  4 18 46  6  4 18  8 12 12  9 14 54 12  8  5  2  9 66  1 15 21 14  6 57  3 13 10 20  3 95 11  5 80 10 10 17 19 11 11 17  2 69
 2  6 30  5 16 76 16 14 27 12  5 24 18  8 10 19 18 21  6  4 57 10  3 84 15 15 83  9 19 45  8 13 90  1 20 36 20 11 75  7 12 11  3  2 98 17  7 47  4  1 84 13 17  4 14  9 78 11 10 68
12 20 28  7  3 30 15 17  4 20  8 37 18  6  2  4 13 32 13  4 54  1 14 27  3 11 22  9  1 59  5  9 56 14 18 70  2 16 91  6  5 36 16 19 43  8  2 63 19 10 56 17 12 95 11 15 17 10  7 90
17  5 53 18 11 55  5  2 54 12 12 56 13 20  3 10  3  9  1  9 53 19  4 25 14  6 99  3 18 55  9 13 13  2 10 17  8 15 90  7 19 31 11  1 91 15  8 94  6  7 25 16 17 66  4 14  8 20 16 61
18  6 53 19 12 68  6 17 75  4 11 53 14 14 67 10  3  3 12  9 23 17  8 41  1 19 99 15  7 96  5  1 42 16 13 28  7 16 80  2 10 93 20  2 48 11 18 82 13  4 87  9 15 73  3 20 44  8  5 89
 3 18 71 12  9 29 16  4 33 10 20 87  7  1 42 18 12 74 19  5 77 14 10 33  4 17 20 17  3  4 11  6 35 20 19 16  1  7 91 15 14 15  8 15 69  5 11 85 13 13 63  6 16  6  2  2 97  9  8 20
 7  5 64 16 10 59  1  2 69  8  8 33  5 14 81  4  1 38 12  6 35 13 19 59 17 16 85  6  9  4 15 11 26  3  3  6 19 20 36  2 18 33  9 17 38 10 12 65 14  4 46 18 15 98 11  7 68 20 13  6
16 14 71 18  1 20  1 18 45  5 17 64 20  2 70  9 10 60  2  8 70 10  4 68  7 15 54  8  5 43 11 19 74 15  9 86  4 12 66  6 16 52  3  6 56 17  7 22 19 11 85 13 13 59 12  3 50 14 20 18
12 12 40  4 17 80  2 15 82 14 10  2  7 13 22 13  2  7 11  4 54  8  1 82 16  6 98 19 18 97 15 19 24 18  5 60 10 14 63  3  9 72  9 16 96 20  7 77  6 11 67 17  3 47  1  8 69  5 20 73
18  1 81 15  5 88  2 19 58 10  6 60 17 13 26 13  9 41 20 16 78 12  2 18 16 14 88  9 12  4 19  4 36 14 15 46  6  8 98 11 20 68  7 11 72  1  7 64  8 10 42  5 17  8  3 18 93  4  3 21
 5 19 45 18 20 31 10  7  2 15  9 38 16  1 65 20 10 20 19  6 32 12 13 76  3  4 91 17 11 23 14 12  1  4 18 65  2  2 12  9  8  8 13 16 39  1 14 23  6  5 80  7  3 13  8 15 29 11 17 37
 8  3 10 10  7 29 13 14  1 17  2 74  9  8 22  3 16 47 18 18 66 16 12 96 19  4 35 14 10  6 12 17 93  4 11 46  1  5 42  2 19 35  6  1  5  5 20 80 20 13 55 15  6  5 11  9 67  7 15 58
18 18 11 14 10 57 10  8 93 11 15 52  8  5 26 12  1 39  6 12  4 16  7 17  9 11 30 15  6 90  1 13 59  7 19 46 13  2 11  3  3 66 20 14 18  5  9 30 17  4 10  2 20 99  4 16 94 19 17 38
 2 10 43 10  8 27  4  1 39  3 14  6  6 13 60 18  6 38  7 18 60 12 15 10 14 16 57  5  7 62 11 19 12 13  4 83  8 12 28 19  5 27  1 11 92  9 20 48 17  2 48 15  9  7 20  3 21 16 17 42
20 18 55  3 20 90 12 19 10  8  4 21  9  5 80  7 11 77 17 13 55 14  8 67 10 14 32 19  9  1  2 16 94 11 12 61  1  7 12  6  6 68  4  3 40 18 15 84  5  2 30 15  1 16 13 10 34 16 17 92
 5 16 53 14 18 55 17  4 61  2  8 67  4  1 30  8  3 88 13  7 12  7 15 20 16 14 16  6 10 51 18  9 22  3  2 75  1  5 29 19 13 87  9 17 47 15 12 48 11  6 21 20 19 46 10 20 77 12 11 35
16 20 10  1 17 92 13 13  9  5 16 75 15 14 40 10 15 89  3  6 86 11 12 33  2 10  2  9  5  1 20 11 32 19  2  8  8  4 99 18  9 14  6  8 41  7  3 53 14  1 97  4 18 19 17  7 39 12 19 20