100 20 20
13  4 75 17 12 65 11 14 24 15 10 72  1 11 38  2 19 49 16 15 35  3  2 33 10  3 92  9 17 62 12 13 22  5 16 77  6 18 71  4  6 95 18  7 49  7  8 32 20 20 41 19  1 40  8  5 75 14  9 32
11  7  2  8 14 99  3 15 60 16  2 86 10  6 68  4 17 34 12  1 15 13 13 18  5 16  3 18 10 10  6  3 98 19 18 89  1  9 62 20 19 18 17  8 26  2 11 71  9 12  7 15 20 93 14  4 52  7  5 79
15  3 86  7  8 39  3 11 35 18  5 75 19 17  1 20 19  6 14 15 86  4 12 72  8  9  4 11 13 59 16  7 94 12  1  4 17 10 20  6  2 31 10 20 72  2 16  8  1  6  9  9  4 36  5 14 53 13 18 10
 4  8 53  3  6 59  9 19 34  5 13 34 17 11 39 13  1 47  8  2 73  6 16 20 15 12 71 14  5 62 18 10 29 19  4 40  7  7 62 16 20  7 20  9 32 12  3  7 11 14  8 10 18 81  2 15 39  1 17  8
14  6 89  7 20 15 18  7 73 10  9 24 17  3 29 19 12 82  9 14  6  5 10 48 11  4 50 12  1 81  4 11 61 13 18 40 15 16 76 16 15 46  1  8 15  6 17 51  2 13 61  3 19 77  8  2 82 20  5 92
 8 20 65 13 10 60  7 15 79 14  7 97  4  8 15 17  2 84  6  1 63 11 19 74  5 16 18 19 17 22 10  5 26  9 14 32  2  4  8 16  3 11 12 12 48 15 13 53 20  6 44  3 11 45 18 18 90  1  9 67
11 13 52 15 17 57 20 20 44 14  7 64  9  6 12 10 18 31  3  3 28  7  8 80 12  2 51 13 14 72  2 12 94  4 15  7  1 10 23  5  5 19  6  1 21 17  9 80 18 19 94 19 11 20 16  4 30  8 16 41
19 20  5 16 17 69 17 13 56  2  8 80  6 14 81  7 11 56 12  1 71 18 10 19 10 16 54 14  9 34  5  4 27  3  6 66 13  5 42  1  2 41 15 15 12 11  3  2  8  7 89  4 18 46 20 19 33  9 12 95
14 19 92 17 12 34  4  5 48 16 13 27 10  6 40 20 20 91  7 10 28  5 15 95  2 16  5  8 17 37  1  9 96 11  3 55 18 18  3  9  1 40 15  2 31 12  8 66 19  7 68  3 14 56 13 11 35  6  4 53
11 12 53 12  2 39  2  9 42  1 10 10 16 19  7 18 13 77 19 14 15  4  1 43 15  8 43 14  4  2  8  3 77 20 15 95  7 16  9  5  6 55  6 18 69  9  5  8 10 11 57 17 17 30  3 20 37 13  7 30
 2  9 97 19 14 36  4  8 44 15  1 58 11 10  4 14  4 91  6  6 37 17  5 24 12 17 20 16 11 20  9 20  6 20 12 99 18  7 60  8 18  5 10  3 62  7 13 68  5 16 12  1 15 89  3 19  5 13  2 17
20  1 53  3 17 35  9 20 83  6 13 29 18  3 67  5  4 29 19 19 75 17 11 85 13  9 46 12 12 45 10  2 77 11  6 28  2 15 69  4  8 86 15  5 95 16  7 38  1 18 64  8 14 73 14 10 66  7 16  9
16 13 42  2  8 37 12  5 25  7 12 21 14 15 51  3  1 26 15 18 26  8 10 16  1 11 71  6  2  9 17  3 96 19  9 44 11 16 10 18  7 48  9  4 85  5 17 20 10 14 44  4 20 54 20  6 26 13 19 56
 6  1 93  1  4 17 18 12 59  7  2 72 13 16 80 10 17  6  3  9  5 20 15 62 19  7 90  9 19 59 17  5 16 16 13 63  2 10 90  4 14 61  8  8 81  5 11  9 15  3 83 12 20 32 14 18 58 11  6 25
17  8  9 15  9  2  4  2 55  2 15  9  8  7  8 20 10 74  6 20 34  5 11 95  7 14 46 19  3  3 18 12 22 10 16 76 12 19 13 16  4 76 11  5 90  3  1 73  1 17 22 14 18 17  9  6 93 13 13 14
20  9 22  1  2 41 13  6 70 11  8 98  6 18 64  9  4 68 17  5 80 16 16 55 18  7 39 12 17 23  8 14 17 15 12 86  2 13 34  3 15  3 10 19 36  5 20 62  4 10 50 14 11 70  7  3 41 19  1 62
 9 11 91  7  7 43  1 14 39  3 20 28 17 13 73 20 10 51 12 12 89  6  8 16  8  3 49 18  4 59 10  5 52  2 17 71 16 16 97 19  2 18 11  9 91  4  6 86 13 15 83 15 19 93 14  1 80  5 18 30
12  5 80  3 10 39 16 19 65  9  1 58 14 12 56 13  3 59  4 20 62 10 18 93 20 14 37 15  8 93 19 17 70 17 15 25  5  4 57 11 13 85 18  2  8  7  9 24  2 16 12  1  7 99  6  6 17  8 11  8
12 19 83 11 11 79 16 20 35 15 17 80 14 18  9 17  3 58  4  7 15  3 12 65  8 13 35 19  2  9  9  8 96 20  4 18  1 16 23  5 15 39 10  1 83  6  9 24  7 14  2 13  5 94  2  6 66 18 10 17
17 17 50  3 14 50 20 13 32 16  9 18 18  3 89 14  6 63  4  4 37 13  2 77 15  7 28  8 15 88  9 12 28 11 16  9  1 19 24 12 11 13  2  8 47 10 10 32 19 20 58  5  5 53  7  1 12  6 18 25
 6 14 90 15 18 92  1  6 79  9 19 32 16 10  7  4  3 33 17  9 79 13 11 31 12  1 87  5 20  4 10 12 33  2  8 74 14  7 30 20 16  6  3  2 75  8 15 24  7  5 42 18 17 18 11 13  6 19  4 45
13 18 21  7  9 27  5 20 91 20 11 39 14  5  9  3 10 41 12  8 34 16  1 41 17 15 61 18 13 21 11 14 44 19  2 95 10 12 16  4 19 37  9  4  6  1  6 25 15 16 91  2 17 47  8  7 69  6  3 62
 1 12 12 19  1 41 15  2 50 18  7 41 13 19 89  7 15  6 10 11 59 20  9 27  2 17 62  8 14  5 14 16 68  4 13  3  9  5 63 11  6 19 12  8 26 16  4 18 17  3 40  6 10 78  5 18 13  3 20 63
11 10 98 15  6 41  1  5 67  3  1  8 13 12 99 12 20 98 16  3 39  6 18  4 20 16 56  8 15 77 18  7 25 19 13 56  5  9 78  9  8  3  2 19 79 14  4 15  4 11 36 10 14 99  7 17 80 17  2  1
 3  7 76 15  2 98 11 13 54  1  4 45 17 10 20  2  1 99 13  5 72 10  3  3  6 19 52  8  8 86 19 17 10  4  9 30 16 16 56 14  6 22  7 14 85  5 20 40  9 11 60 18 15 48 12 12 12 20 18 84
15  3 54 20 13 67  1  1 79  5 19 80 11 10 76  9 12 11  2  7 38 14 17 33  3 16 32 12 18 61 17  2  3 19  4 36 10  8 76  6 11 18 16  6 17 13 15 47  7 20 35  8  9 99 18 14 99  4  5 29
 9  6 36 17 17 16 19 12 99 18  4 83 13  3 31  3  8 54  5 15 67  2 13 70  4 14 84 10  9 38  7  1 44 20  2  9 12 11 44 15  7 78  1  5 89  6 16 11  8 18 50 11 19  6 14 20 91 16 10 98
20 13 60 15 18 58  5  3 45  6 20 91  9  2 47  8  8 80  4  9 18 17 19 52  1 12 34 14  4 37  3  6  8 19 11 85 13  1 38 12 16 12 10 10 83 18  5 97  7 15 58  2 17 18 11  7 84 16 14 27
 8  2 21  2 15 73 18 20 17 11 12 38  7 19 60 10  9 92 16  8 33  6 13 95  1 10 22 20  6 56 19  7 68  5 17 35  3 14 66 13 16 17  4  3  6 12  5 53  9  1 91 14 11 34 17  4 29 15 18 35
15 10 99  7 17 64  8  7 23 13  5 74 10 19 33  2 20 48 17  6 40  9  8 62 14 11  3  1 16 27 19  3 40 18  2 95 11 14 88  6 18 15 16  4 27  4 15 72  3  1  6  5 12 50 20 13 29 12  9 70
 8 20 42 10 18 16 18  4 78 12  2 12  7  9 80  2  3  4  1 16 57 20  5 36 11 17 27 14 10 86  9  8 39 17 14 74  4 13 16 16 11 42  6 12 94  3  1  8 13  7 95  5 15 88 15  6 70 19 19 96
18 13 80 15  7 45 12 20 96  3  9 37 14 12 10  7  5 70 10  6  6 11  4 80 16  3  8  9 19 42  2 14 65  6 15 72 19 18 15 13 16 31  1 10 94 20  8 59 17  1 15  8  2 96  5 11 61  4 17 84
19 20 32 11  4 22 15 14 84  1 12 85 13  1 74 18  5 60 16 10 39  4  7 94  3 15 51 14  6 99  8 16 96 17 18 29  6 17 37  7  3  8 20 19  7  5 13  3  2 11 13 12  2 56  9  9 53 10  8 54
11  3 19  8  1 38  3 13 94 17 16 79 16 17 78  4  7 29 14  6 57 13 18 29 18 20 32  1  5 17  7  9 68 20  4 22 19 11 89 15 12 94  9  8 58  6 10 70  5 15 38 10 19 98 12 14  3  2  2 69
19 15 10  5 20 48  1 10 48 14 17 57  9  2 98  8 13 67 10  3 82 17 14 61  7 19 13 18  4 19 13 12  2 15 11 64 16 16 10  3  9 43  2  6 69  4  5 11  6  8 22 20  1 59 12  7  5 11 18 88
14 20  5 20 17 25  3  4 74 16  7 47 12  6 46  2 13 40  1  2 29 19 19  1 10  3 33  7 14 34 13 11 91 15 16 18  4 18 94 17  5 57  9  8 77  5 12 10  8 15 91 11  1 44 18  9 16  6 10 18
16 14 63  2  2 20 14  4 19  3  8 21  5  5 10 12  3 35 11 17 53  9  1 36 17 13  8 18 19 12  1  7 91 19 18 29  7  9 22  4 15 46  8 16 48 15 11  1 13 20  1 10  6 82  6 12 57 20 10 89
18 15 16 15 18 47  2 17 85  6 10  3 14 11 69  4 16 93  3 19 46  1  2 51  8 20 70  9  5 94 20  4 97  5 13 56 17  8 97 13  3 34 12  7  6 19 14 22  7  9 61 10  6 81 11  1 19 16 12 50
 5 18 35 14 14 84 12  5 95 20  9 90 19 11 83  1  6 51  4 16 70 17  2 51  6 17 66 11  8 49  2 12  8 15  7 97 13 19 59  3  4 10  8  1 15  9 20 17 10 10 47  7  3 19 16 13 57 18 15 44
 5 14 97  4 17 56 18 19  8 11  5 23  2 15 53  7  3 94 19 11 84 12 12 20 10  1 64 20  4 96  3 20 27 13  8  8 15  9 47 17 16 22 16 13 86 14 18 87  8  7 23  6  6 14  9 10 48  1  2 69
18 19 26 17  9 28  6 20 81 16  6 57 14  7 29 12  5 98  3 13  6  2 12 52 13 11 78  4  3  9 11 17 99 20  2 40  7  8 29 19 10 12  1 16 39 10 14 61  8 18  9 15 15 54  5  4 39  9  1 87
16  9 86 20  6 45 17 13 50  3  3 29  8  5 72  1 15 26 13 19 49  4  8  2 12 14 92  6 20 88  7 16 89  2 18 77  5 17 37 15 12 54 18  1 66 11  4 40 19  2  1  9  7 12 14 10 90 10 11 52
20  3 47  9  2 68  1  5 48 16 13 87  3 18 36  5  8 43 10 17 17 12 11 56 11 10 64 13 14 70 17 19 95 19 20 44  7 15 11  4  4 25  6  1 22 15  7 65  8 12 70  2  6 15 18  9 97 14 16 49
12  8 89 10 17 71 19  3 10  6  4 75 20 14 71  1 20 14 17  2 37  4 12 47 15 13 12 14  5  6  5 18 86  9 11 79 18 15 36  3 19 90 11 16  5  7  1 85  2  9 33 13 10 13  8  7  2 16  6 30
 6  3 25 19  4  7  9 15 78  2  8 83  7 12 81 14 16 85  1  2  4 18 10 39 17  9 13 11  6 93 16 18 27 10 19 81 20 20 39 15  1 11  5  7 91 12 13 16 13 14 44  4  5  5  3 11 33  8 17 11
 1  9 43  9  5 12 13  7 87 16 17 12 20 20  9 10  6 51 12  8 27 19 14 71  7 16 87 15 11 55 11 15 54  2  3 69  5 19 10 14 13 87  4 12 33 18  2 49  3 18  1  6 10 58  8  4 47 17  1  4
 8 16 33 18  9 53  9 13 84 20  6 59  3 19 55 15  8 57  7  4 30  2  1 14  6  2 24 19 15 58 12 12 47 10 18 87 13  5 46  4 14 85 11 11 99 17 17 27  5  7 70  1 10 12 14  3 41 16 20 28
18 18 82 10 13 83 11  9 14 15 17 35  8 16 10  5 19 16 19 15 24  6  7 73  1 11 79  2  4 81 17 14 90  7 10 37  4  5 75  9  2 18 16  8 70 20  3 29 13 20 79  3  6 45 14  1 59 12 12 91
 8  4 24  3 15 23 11 11 30  5 13 39  6 14 87 13  3 96 17 18 42  2  9 95 20  6 80 12 12 98  4  1 40  7 16 88  1 19  4 16 17 72 18  2 70 19 10 22  9  8 78 15  5  4 10 20  8 14  7 76
18 13  4 17 19 34 19 11 20 15  9  2  7  8 45  5 14 63 10  2  1  4 16  4  3 12 56  9  5 82 20  3 96  6 17 89 14 20 14  1  4 52 12  1 98  8  6 33  2 18  6 11 15 77 13  7 71 16 10 25
 5 17 89  3  9  8  2  5 37  8  6 56  4 15 66 10 19 74 15  1 60 12 10 55 14  2 98 13  7 80 17 18 12 19 14  9 16  3 13 11  4 48  6 12 41  7  8 92 18 11 14  1 13 54  9 16 54 20 20 37
 9 17 71 19 15 56  6 11 78  4 16 59 12  9 10 14  5 27  7 20  7 13  6 24  5  1 49 11  7 71  3 18 79 17 12 70 20 14 66 15 10 93  8 19 83  1 13 86 18  3 14  2  8 84 16  4 74 10  2  8
13 14 52 14 10 35 20  6 13  5 20 98 17  3 45 10  4 58  6 16 56 15  7  1  3  5 47 16  9 29  4 13 93  9 18 22 19  1 15  1  2  5 12 17 58  2 19 86 11 12 77 18 15 85  8  8 89  7 11 86
 2  8 60  7 16  4 14 19  3 10 14 50 16  5 40  5 20  2 11  9 26  4 17 42 20 13 77 17  7 77 19  3 14  3  4 63 18 18 65 13 15 40 15 11 40  8 10 57  9  6 85  1  1 48 12 12 32  6  2 36
 9  4 27  1 10 94 10 12 65 17  5 94 13 14 91 15 16 21 18 13 17 20  2 69  4  9 12 14  7 63  8  1 21  3 19 97 19 15 67 12 20 29 11 18 34  2 11  8  5  8 21  6  3 14  7 17 68 16  6 55
 9 13 81 10  4 54 12 12 76  7 14 79 18 19 10  6 15 58  5  3 55 20  1 37 15  7 86 17  2 55  8 11 61 14 17 48  4 16 44  2  8 97  1  6 21  3 10 94 19  5 14 11 20 93 16 18 53 13  9 27
 8 19 18 10 11  6  9 20 26 11 16 97 12  8  7 19  7 94  5 13 57 14 15 27  1 17 36  6  1 91  2 12 60 16  5 44 17  6 30 13 10 92 18  2 83 15  3  1  7 18 42 20  4  9  3  9 22  4 14 39
18 20 48  3  6 70  9  8 69  7 17 57  1 18 65  5 12 15 13 13 20 19  1 39  8 14 92 11 19 24  4  7 31  2 10 13 12  4 35 20 15 86 16 16 93 10  3 15 14 11  6  6  2  9 15  9 20 17  5 91
20  4 46  8  5 62  1  2 71 10 15 91 13 13 11  4 20 91  9  6 72 11 16 68  7 11 69  2 10 40 14 14 61  6 17 37  3  3 86 16 12 21 19  9 18 17  8  4  5  1 63 15  7 16 12 19 88 18 18 27
19 10 99  6  4 12 20 18 25  5  1 12 14 17 21 13  9 95  7 16  7 10  7 95 11  5 69 17  2 18  4 14 50  8 19 23  1 12 39 18 20 11 15 11 75  3 13 13 12  3 66  2  8 36 16 15 14  9  6 54
15  6 55 10 10 18 11  1  2  7 19  9  3  4 54  9  8 60 17 17 10  6 12 74  4 13 78  8 15 47  1 14 83 18 11 85 13 16 24 20  5 66 16  9  2 12  3 33 19  7 63  2 20 37  5  2 46 14 18 99
13  7 72 15  9 96 12 20 93 20  5 57  8  8 75 19 11 59  2  4 97 11 14 42  5  6 92  9 19 47  6  2 32  3  1 10 17 17 19  4 18 49 14 13 80 10  3 49  1 10 55 16 16 36 18 12 71  7 15  5
12  8 77  1  1 40 15  5  1  3  3 44 18 15 46 11 18 52  6  6 34 16 19 89 13 14  4  5 10 39 20  9 25  9  7 53  4 17 63  2  4 41 17 12 64 14 16 21  8 11 63 10  2 17  7 13 69 19 20 82
11 19 29 17  7 57 18 14 27 13  8 95  9  5 13 16  9 41  1  6 53  7  2 13 12 12 54  8  4 96 20 11 13 10 20 53 19 15 78 15  3 73  6 13 24  4  1 88  3 16  5  5 18 42  2 17 10 14 10 93
 6 11 56  2  1 72 10 14 55 15  5 94  4  7 58  7  6 58 18 16 33  3  9  3 20 10 63 13 17 99 16 15  7 19  3 72  5  4  9  9 20 24 12 12 42 14 18 53  1  2  9  8 19  5 17  8 26 11 13 25
 5 15  6 14  9 73  7  2 77  2 12 15 16  6 14 19 16 46  3  3 15 17 20 44 20  7 96  6 11 86 18  1 74 11  4 84 10 13 10 15 18 40  4  5 61  1 19  3 13 14 38  8 10 49  9  8 24 12 17 29
18  1  2 10 12 23 19 14 19  5  9 30  8 11  3  9 19 57 12 10 36 13  5 18 11  4 36  4  7 93 16 18 89 20  2 88 14 15 10  6 13 16  3  3 30  1  6  2 15 20 10 17 17 99  7 16 73  2  8 78
 9  8 25  4  3 10 12 15 79  3 17 36  1  7 47  7  9 33 18 13 95 15 19  8 17  2 66 14  5  8 10 11 59 19  6 26  8 14 93 20 10 97  5  4 82  6 16 81 13 12  4 11  1 42 16 18 70  2 20 60
10 15 75  9  7 17  4 20  1 13 17 96  5 10 40 11 18 79 18  8 74 12 16 34  6  9 95 16  6 59  3 13  7 20  1  6  1 11 50 14 14 35 15  4 31  7 19 46 17  5  2 19 12 83  2  3 45  8  2 74
10 14 44 11  9 96  9  6 27  7 10 11 17 15 46 19 11 67  5 18 77  4  2 85  3 16 72 12  3 21 14  1  3  6  8 38 16 13 66 20 17 40  8  5 86 15 12 24 13  7  9  2  4 17  1 20 89 18 19 73
 1 18 22  5  8  9 19  7 61 16  3 65  6  1 15 14  6 81  8  5 89  4  9 66 18 15 88  9 14 44  2 19 94 12 20 91 13 17  7  3  2 58 10 10 50 11 12  7 17 13 58 15 16 17 20  4 73  7 11 55
 3  2 30 14 12 42 16 16 99  4  5 79 13 17 54 18 19 92  7 10 19 20  3 13 17 11 91  8 13 53  5 14 20 10 18 62  1  1 35 12  8 55 15 15 65  6  4 75  9  6 72  2  9 11 11 20 62 19  7 24
 8  7 39  1  2 96  2 11  1 12 12 99  7 20  1 18  9 88 17  5 60 13 17 93  6 14 16 19  4 75 10  8  8 16 16 18 15  6 40 11 18 14  3 19 15  5  3 89  4  1 43  9 10 30 20 13 84 14 15 90
18  4 70 10 20 75  1 18 64 13 12 52  6  1 18  2  3 30  5  2 69 14 13 16  8  7 62 16  5 45 11  6 74  3 17 77 15  9 15 17 10 83 12 11 27  9  8  3 20 15 19  7 19 38  4 16 83 19 14 22
 6 12 40 14  4 29 13 11 60 18 13 47 12 18 86 17  5 24  5  3 83  1  6  4 11  1 54 19 20 27  4  7 30 20  8 82 16 17 35  2 15 68 15 10 17  3  9 98  9  2 17  7 14 56 10 19 38  8 16 13
15  5 71 11 10 89 14 13  8 12 14 49 16 15 85  6  7 45 13  4 58  1 17 69 10 11 51  8 18 68 20  1 14  2  6 38  9  2 88 18 16 41 17  8  4  3 12 92 19  3 37  7 19 99  4 20 54  5  9 20
 8 13 14 15 15 75 20  7 25 11  9 14 14 14 36 19  8 14  4 20 97 17  2 90  2 10 83 16  3 24  6 11 18  9  1 66  1  4  7 18  5 68 13 18 58  3  6 69  5 12 14 12 17 55  7 16 79 10 19 73
 8 13 30  5 12 60  7 11 32 20  9 21  4 10 38 14 14 35 13 15 31 19  7 41 18 17 81 11  1 89  6  5  5  1  6 92  9 20 74  2 16 96 10 18 51 16  8 85 12  3 51  3 19 35 15  4 29 17  2 69
 4 15 98 12 14  6  8 18 76 11 11 31 20 16 72 10  2 12  9 17 64  5  4 57 16  6 91 14  9 66  3 19 82 19 10 14  6  7 38  1 20  7 18 13 19 17  5 55  7  3 85  2  1  7 13  8 91 15 12 93
 8  7 99 11 11 38 16 20 78  2 13 97  4 10 40 14 18 82 10  6 53 19 15 14  1 17 12 13 16 74 20 12 71 15  1 97  7  9 74 12  2  9  6 14 84 18  8 76  9  5  4  3  4 21  5  3 44 17 19 67
16 17 53 19 20 53 13  6 26 18 12 13 20  7  7  6  1 81 17  8 27  8 13 27  1 11 13 14 10 54  2 19 73  9 15 18  4  4 24  3  2 22  7  3 30 12 18 90 15 14 74 11  5 24 10  9 27  5 16 92
15 14 59 18 16 69  8  3  3 10  9 49  9 17 98 13  8 36 17 11  4  6  4 46 14 10 12 19  5 38  7 12 69 16 18 84  2  7 96  5 20 48 11 13 56  1 19 70  3  2 40 12 15 42 20  6 42  4  1  7
 4  3 22 12  1 90 16 11  2  8 10 16 19 16 15 11 19 23 13  9 82  1 15 50 18  6 11  3 13 16  7 14 71  2  5 80  5 12 82 10  2 48 17 20 16 15  4 52  9  8 14 14 18 11 20  7 38  6 17 46
 7  9 74 10 20 19  2  4 94 15 15 54  8 14 16 16 16 56 13  8 88 12  3 45  6 18 71 14 19  3 18  1 67  9 10 52 20  5 57  4 13 41 19 12 53  1  7 27  3  6 68  5  2 46 17 17 88 11 11 18
15  6 63  8  8 55  3  2 37  2  9 20 20  5  1  1 19 11  5 17 45  7  7 74 18 12 35 14 10 55 10 14 16 19 11 87 12 15 78 17 16  6  9  1 80  4 13 50  6  4 10 13 20 73 11  3 94 16 18 72
16  3 17 13  1 29 14  9 59  9 12 69 20 14 79 17  4 99  2 17 63  8 13  7 11  8 20 19  5 67  5  6 75  1 10 89 10 19 61  4 11 86  3 15 75 12 20 89  6 18 35 18 16 49 15  7 87  7  2 13
20  2 46 15 14 48  3 19 33 10 13 85 19 17 80  8 16 34  5 10 97 16  8 36  9  1 28  1  6 10  7  7 94 12 15 70 17  9 51  6  4 17 13 20 50  2 11 68 14 18 46 11 12  3 18  3 77  4  5 91
18 17 67  9  1 51  8 11 76 12 10 82 17  7 73 13 19 87 16  5 55 19 13 29  4 18  3  1  6 87  5  9 43 14  8 70  7  4 80  3 14 35 15 20 71 20  3 28  6 12 45 10 15 87 11 16 72  2  2 26
14  6  5 11 14 36 12  7 36  7 10 61 17 11 79 13 19 32 18 18 59  8  1 91  3  3  7  1  2 79 15  4 43 10  5 27  2 15  5 16  9 64  9 12 64  6  8 82  5 13 94  4 16 97 19 17 84 20 20 62
18  2 55 15 19 29 14 12 20  5  6 68 11 11 61 13  7 56 12 15 68  8 10 66  1  5 14  6  4 37 19 13 59 10  9 34  2 14 60 20 18  2  3  8 40  4 16 64 17 17 18 16 20 39  9  3 27  7  1 67
 4  2 85 13 11 12  6  6 73  7 18  1  8  4 36  2 15 92  3 14 22  1 10 79 17 16  6 18 19 62 15  9 45  9 13 83 16  5 55 14  8 20 11 12 66  5 17 36 19 20 83 20  7 90 10  3 53 12  1 79
20 18 36 18 20 62  1  3 25 12 11 94 13  6 77 11  5 81 10 16 30  5  7 94  3 10 42 14 19 78  4  4 54 16  8 22 19 15 37 15 12 32  6  9  9  7 13 34 17  2 80  8 14 25  2  1  7  9 17 76
15 14 97 11 13 62 17 17 64 10 15  7 13 18 32  2 11 78  6 12 83  3 20 77  4  5 63 19  4 88 20  3 15 14  8 17 18 19  6 16 10 12 12  1 34  8 16 80  7  9 42  1  6 22  5  2 87  9  7 17
 2 19 45 18  4 68  7 15 44  8 12  8  3 18 73 13 17 76 11 11 39 14  8 85 19  9 94 17  6 92 15  5 18 12  2 62 10 10 82  5 20 18  6 13 68  9  7 11 20 14 98  1  3 25 16  1 72  4 16 20
13 13 28 15 11 34  6 19  1  1  5 83 12  4 61  5 17 66 10 16 53  2 18 41  4 15 41 19 20 16 14  6 53 11  2  9 16  7 88  8  3 72 17  1 69 18  8 25  7 12 86 20  9 85  9 10 58  3 14 57
 1  2 91 17  1 83  2  7 71 10 19 35 14 15 53  4 11 45 13 16 77 20  3 30  3  6  6  9 13 58  5 18 79 12  8 85 19 12 75 11  9  8  6  5 34  8  4  5 15 17 39  7 20 22 16 10 18 18 14 92
18 20 30 17 19 46 12 18 43  4  5 71 11 16 15 20 15  1 10  2 39  7 14 53 19  6 93 16  8 20 15  1 62  9  7 47  5  4 15  6  9 84 14 13 48 13  3 76  1 17 69  3 10 18  2 12 88  8 11 80
 3  8 61 12  3 22  7 14 68  5 19 13  2 13 38 15  9 72 16 12  2 19  7 27 11 16 75 20 15 74  4  5 66 10  2  5 17 11 50  8 17 57  1  4 70 13 18 58  6  1 19 14 20 25 18  6 83  9 10 23
 7  8 44 15  1  1 12  3 76 19 19  4 11 18 63 16 11 13  2 15 34 20 12 50 18  7 84  5 16 51  1 13 17  6  4 29 17  6 97  8 17 46  4  5 82  3 20 19 10  9 92 14 14 36  9 10 68 13  2 73
14 18 83  4 10  7 11 15 36 17  5 12 20 20  2  7  9 69  8  2 34  2 17 92  1  8 14  5  4 43 12 16 28 18  1 38  9  6 20 16  3 82 19 14 88 10 13 24  3  7 56 13 12 97 15 19 35  6 11 42