15 15 15
14 13 20  4 15 85 10  1 61  2  9  9  9 12 36  6  4 63  5  5 11  8 10 45 15  2 10  1 11 33 12  3  5 11  7 41  7 14 47 13  6  9  3  8 74
 5  5 33  8 11 35  6  2 78  7  9 12  9  6 22 13 13 44 12  4  8 14 12 97 15  1 10 11  8 86  3 14 33  1 15 60  4 10 21  2  7 96 10  3 69
 8 11 34  7  7 94  1  3 15 11 14 23  4 12 84  6  2 16  3  4 55  9  8 50 12  6  5 14  9 59  5  1 35 15 15 12  2  5 57 10 10 11 13 13 51
 6  7 72  7  3 42  5 12  4 11 11 62 15  4 15 13 10 27 10  5 16  8  6 34 12 14  8  3 15 50  4  2 85  9  9 12  1 13 48 14  1  5  2  8 25
 6  8 40 13 13 81  8 15 46  4 10 67 10  3 25 14 12 83 11 11 92  2  7 25  5  6 40  9  1 21  1  4  4 12  9 43 15  2 38  7 14 60  3  5 24
15  2  3  6  3 28 14 13 86  5 11 68  4 10 55  2  8 91  1 12 97  7  7 19 10  1 73  8  9 20  3 15 28 12  6 81  9  4 46 13 14 98 11  5 46
14  4 29  6  5 96 10 15 12  1 14 71 15  6 32  8 13 64  5 10 39  7  2 16 11  1 97  9  9 99  3  8 49 13  7 75  4 11  7  2  3 79 12 12 80
11  1 71  9 10  9  4 12 11  1 14  8  2 13  4  8  9 47  3 11 93 14  6 82 15  7  6 10  5 49 12  8  7  7  4 24 13  3 92  5  2 13  6 15 86
 4  5 80  6 15 34 13  8 75 11  7 35  1  9 29  2 12 60 10 13 20  5 11 48 14  2 46 15 14 57  7 10 73 12  3  8  8  4 45  3  1 90  9  6 84
11  5 12 14  4 53 12  2 81  7 14 96 13 12 18  8 11 88  3  8 84  2  3 38  1  7 73  9  6 60 15 13 39  6 10 50  5  9  5 10 15  9  4  1 63
11  4 18  5 10  9 14 14 51  1  5 93 12 15 57  2  3 82 15  8 46  9  1 38  6  6 58  7 12 86  3 13 49  8  7 45 10  2 37  4  9  9 13 11 95
 1 10 82  6  4  6  4  6 62 13 15 96  3 13 17 10  8 65 14  7 39  2 14 82 12  9 49  5 12 94 15  5  5 11  3  9  9  2 53  8 11 74  7  1 71
11  3 10 13  7  9 14  2 69  2 14 33  1 11 39  7  9 41  5  8 14  6 13 37 10 10 16  8  5 44 12 15 12 15  6 68  9 12 49  4  1 66  3  4 14
 7 14 68  2  7  3  6  9 49  8  6 49 10 12 93  3 15 29 15  4 34 12  8 21  9  3 70  1  5 91  4  1 14 13 11 21  5  2 76 11 13 48 14 10 87
 6 15 21  2 10 90  5 12 20  1  9 59  9  8 10  4  4 34 12  3 44 14  6 20 15 13 37  3  7 86  8  5 84 11  1 60  7  2 20 10 11 54 13 14 98