20 15 15
15  2  3  6  3 28 14 13 86  5 11 68  4 10 55  2  8 91  1 12 97  7  7 19 10  1 73  8  9 20  3 15 28 12  6 81  9  4 46 13 14 98 11  5 46
14  4 29  6  5 96 10 15 12  1 14 71 15  6 32  8 13 64  5 10 39  7  2 16 11  1 97  9  9 99  3  8 49 13  7 75  4 11  7  2  3 79 12 12 80
11  1 71  9 10  9  4 12 11  1 14  8  2 13  4  8  9 47  3 11 93 14  6 82 15  7  6 10  5 49 12  8  7  7  4 24 13  3 92  5  2 13  6 15 86
 4  5 80  6 15 34 13  8 75 11  7 35  1  9 29  2 12 60 10 13 20  5 11 48 14  2 46 15 14 57  7 10 73 12  3  8  8  4 45  3  1 90  9  6 84
11  5 12 14  4 53 12  2 81  7 14 96 13 12 18  8 11 88  3  8 84  2  3 38  1  7 73  9  6 60 15 13 39  6 10 50  5  9  5 10 15  9  4  1 63
11  4 18  5 10  9 14 14 51  1  5 93 12 15 57  2  3 82 15  8 46  9  1 38  6  6 58  7 12 86  3 13 49  8  7 45 10  2 37  4  9  9 13 11 95
 1 10 82  6  4  6  4  6 62 13 15 96  3 13 17 10  8 65 14  7 39  2 14 82 12  9 49  5 12 94 15  5  5 11  3  9  9  2 53  8 11 74  7  1 71
11  3 10 13  7  9 14  2 69  2 14 33  1 11 39  7  9 41  5  8 14  6 13 37 10 10 16  8  5 44 12 15 12 15  6 68  9 12 49  4  1 66  3  4 14
 7 14 68  2  7  3  6  9 49  8  6 49 10 12 93  3 15 29 15  4 34 12  8 21  9  3 70  1  5 91  4  1 14 13 11 21  5  2 76 11 13 48 14 10 87
 6 15 21  2 10 90  5 12 20  1  9 59  9  8 10  4  4 34 12  3 44 14  6 20 15 13 37  3  7 86  8  5 84 11  1 60  7  2 20 10 11 54 13 14 98
10  4 15  2  2 50  8 13 70  6 10 84  1  3 68  5 11 40  7  1 18 12  7 82  3  6 75 11  8 71 14  5 36  4 14 96 15 15 61  9  9 57 13 12 22
14 13 42  9 14 11  4 15 19 10  2 22  3  8 18  8 10 93  5  9  5 12  1 38 11  4 35  1 11 24  2  6 69 15  7 61  7  5 41  6 12 56 13  3 62
11  2 46 15  7 10 12  6 86  3  1 19  7 15 35  5  4 21 10  9 84  1  8 20  8 14 50  6 13 48  2 11 84 14  5 99  9  3 86 13 10 64  4 12 10
 3 11  8 11  6 12 14  4 71 15 14  4 13  5 86  2  8 74  4 15  1  8 12 78  1  2 18  5  3 13 12  1 30 10  9 96  7  7 57  6 10 20  9 13 46
13  2 63  7  6 42 15 11 87 14 15 29 12 13 82 11  9 14  4  7 57  8 10 41  5 12 46  3  3 62 10 14 67  6  8 40  2  5 28  9  1 28  1  4 20
12  5 98  8  3 17  7  1 10  9  2 95  5 13 94  6 15  8  2  8 82  1 10 21 15 12 28 13  9 71 11  7 10  3 14 67 14  4 60  4  6 79 10 11 54
12 14 73  6  5 59  7 11 97  9  9 39  4  3 64  3  1 38 11  4 25  5 10  7 15  2 21  2  6 40  1 15 14 13 12 51  8  7 88 14  8 49 10 13 74
11 14 53 13 12 53  8  8 54  6 10 53 12  2 52  9 15  3 14  6 71  7  9 72  1  5 66 15  1 41 10 13 64  4  4  6  5 11  7  2  3 46  3  7 56
 7  6 30 11 12 70  9  4 22 13  3 53 14  9 55  1 10 92  5  7 54 12  5 41 15 15 39  2 11 49 10 14  9  3 13 11  4  2 31  8  1 69  6  8 27
 3  4 54  9  1 69 10 14 17  8  5  1  1  6 53  2 12 31 14 13 90  5  9  9 13  8  3 11  7 41  6  2 97 15 11 42 12 15 21  4  3 54  7 10 69