20 15 15
 7  6 65 11 13 13 12  9 77  3 11 79 14 10 29  8 14 41 10  5 20 15 12  7  1  4 18 13  7 99  9  1 26  5  2 98  2  8 92  4  3 48  6 15 66
 3  3 62  2  2 17 12  5 56  5 14 88 13 12 51 14 10 69 15  8 15  9 13 69 10 15 74  4  6 20  7  4 43  8  1 98 11  7 12  1  9 35  6 11 89
13  5  1 11 14 62  1 12 43  7  2 16  5  9 40 15  4 32  6  8 85 12 13 73  4 15 98  8  7 23  3  6  7 10  3 74 14 10 71  2  1 68  9 11 76
 4  6 26  2  7 71 10  3 51  3 11 82 11 14 35 12  2 83 14  8 81  8  5 20  7  9 26  6  4 24 15 12 12 13 10 90  1 15 28  9 13 85  5  1 17
 8 11 72  7 13 20  9  2  6  3 15 75  1  7 95 11  9 27 10 12 37 15 10 30  4  1 74  5  3 87 14 14 34 13  8 49  6  5 66  2  4 76 12  6 13
 6 13 45  8  3 61  1  9 27  2  4 77 12 14 45 13  2 23  9 11 94  5  5 73  4  8 55 14  6 62 10 15 54  3  7 97 11  1 40 15 12 50  7 10 56
 7 13 66 11 14 13  3  6 14  4  1 59 13  8 31  2  3  7 12  4 94  6 15 51  1  2 28 10  7 87  8  5 35  5  9 92  9 10  6 15 12 46 14 11 61
 5 11 84  3  8 83 13  9 99 14 13 70 12  6 24 10 14 15  4  3 44 15  1 41  9  7 82 11  2 92  2  5 68  6 15 36  1 10 30  8 12 61  7  4 65
 6 11 48  2  8 53  8  9 51 13  5 17 10 10 66  5  2 76  7  7 21  3 14 17 11  4 40  9  3 63  1 15 82 12 12 29  4  1 83 15 13 30 14  6 38
 8  2 42  9 14 17 14  3  2 10 11 92 15  7  7  2 13 20 13  4 72 12 10 10  6  1 69  7 12 68 11 15 56  1  9 54  5  6  6  3  5 96  4  8 11
 9  7 35  7 10 49  2 12 63  6  9 83  5  8 53 10  6 75 15 15 78  3  4 21  8 13 15  1  1 44  4  2 70 12  3 71 14 11 55 11  5 15 13 14 21
 5 10 60  2  8 12 10 11 83  7 12 91  3 14 27 13  5 56  8  2 91  1 13 24 14  6 40  6  3 54  4  7  5 11  9 15 15  4 47  9  1 71 12 15 77
 5  3 48  9  1  4  6 13 27  4  6 63  3  2 41  2  8 85 13 12  3 10 15 54 14 10 32  7  4 89  8 14 21  1  7 38 11 11 13 15  9 62 12  5 22
10 15 20  8 14 56  3  5 69  5 13  8  6  4 37 15 12 13 13  3 15  9  1 83  1  6 93 12  2 88  2 10 10 11  9 91  7  8 24 14 11 76  4  7  1
 9  5 97 11  6 28  2  2  3  3 13  6  6 12 76  7  1  5 13 11 97  4  8 56 15 14 94 14  9 81  5 15 27  8 10 66 10  3 29 12  7  4  1  4 60
 9 10 35  6 13 26 12 11 21 13  9 79  1  7 92  2  5 56 15  8 64  3  1 44 11 15 94  5  3 22  4  4  1  7 12 41  8 14 67 14  6  9 10  2 82
 4 12 49 14  3  2  9  6 11 13  7 35  8 13 30 12  1 29  6 14 85  7 10 76  5 15  8 10  9 94 15  5 70  3  8 14 11  2 81  1 11 49  2  4 31
 7 14 36  5 13 75  3  7 49  4 12 87 14 10 88  1  2  7 13  5 22 11  4 38  9  1 43  8  6 18  2  8 60 15  3 57  6 15 37 12 11 73 10  9 13
 2 15 64  9 12 88 15  8 38  5  5 94 14  7 16  1  6  5  3 13  7 10 10 32  7 14 15 11  3 25  4 11 28  6  2 70 13  1 67  8  4 47 12  9  6
 9  9 59  1 10 25  8  7 76  6 12 38  5  4 49 15  5 89  3 11 88 12  8 90  4  1 67 11  2 46  7 13 13 10  6 20 14 15 14 13  3 62  2 14 88