20 15 15
 9  6 85 12 15 27  4 10 48  8 11 75  5  9 41  2  7 36 10  4 58  7  8 92 15  3 93 11 13 75  6  1 53  3 14 89  1  2 38 14  5 24 13 12 57
12  3 96  6 13  5  8  4 38  2  5 88 15  7  4 13  6 91  7 14 42 11  8 67  1 12 62  4 15 78 10 11 30 14 10 34  3  9 88  5  2  2  9  1  1
 8 10 89 10  5 28 15  8 85 14  4  2  7  2 39  9 12 55  4  6  1 13  9 98  6  7 85  3 14 92 12 13 79  2  3 69  1 15 62  5 11 16 11  1 88
 1  9  1  4  8 66 11  4 98 12 13 14  2  2 51  6 12 30 10  6 35  5  7 30 14 11 74 13  3 31  3  5 90 15 14 59  7 10 57  9 15 68  8  1 16
13  9 65 11  5  8  7 15 15  2  6 79 14 14 30  5 12 26  4 10 90  9  3 88  1  8 35 15  4 90 12  1 35  6 11 74 10 13 97  8  7 28  3  2 33
 2  6 79  5  7 93 11  5 47 14 11 19 15 10 95  1  9 11  4  3 79  6 14 86 12 15 85 10 12 34  9 13 29 13  8 37  3  1 76  7  4 17  8  2 21
 9  9 73  1  3 70 15  8 87 13  7 92 14 15  2  8  6 58  7  2 15 12  4 74  3  1 82  5 14 74  2 12 94 11 13 45  4 11 42 10  5 30  6 10 84
 8  3 61  9  5 18 11  2 17  2 15 97  1 12 42  4  1 84 10  9 71  3  7 62  7  4 74 15  6 32 13 14 11 12 13 65  6 11 22 14 10 21  5  8 14
10  4 37  1 13 34  2 14 63  7 15 16  6  5 45 13  1  3  9  8 29 15  3 52 11  6 49  4  7 63  3 12 27  8 10 67 14 11 19  5  2 38 12  9 81
 7 14 66  2 12 26  9 10 73 12  8 99  6  6  8 15  4 19 10  2 70  3 11 67 11  7 90  4 15 98  8  3 66  1  5 25 14  9 40  5 13 47 13  1 56
10  3 20  6 12 89  3  6 55 11 15 25  4  4 31 15  8 58 12  1 63  8  2 81 13  7 28  7 13 41  5  9 16  2 11 14  9 14 30 14 10 18  1  5 12
 6  7 92  1  1  4  9  8 22 13  4 28  4  5 14 15  9 29 14  2 52 11  3 82  3 14 58  8 15 46 12 10 60  7  6  8  5 11 30 10 13 96  2 12 36
 7  5 20 15  6 39  8  3 17 14 13 74  3 15 17  9  7  5  6 12 30 13  2 27 11 14 60  2  1 23 12 11 33  5 10 57  4  8 93  1  9 24 10  4 95
 4  2 77 12  8 22 15 15 15 10 10 47  7 11 71  5  7 45  3  6 36 11  5 53  9  9 47  2 13 77  1  1  8  6 14 49 13 12 30 14  3 97  8  4 33
 9 13 31  3 11 39 14 15 61 10  8 83  6 10 17 15 12 33 11  5 93  5  4 65  7  1 38  1  2 74 12  3 82  8  7 63  4  9 45  2  6 47 13 14 90
11 11 66  2  1 94  7  7 25 10  5 65  1  2 85 13  8 40  6 15 16  3  9 10 12  6 72  5  4 99  4 12 76  8 14 67 14 13 40  9  3 97 15 10 94
13  9 68 14 15 24  1  4  4  3  6 98  5 13 29 12  8 34 11 10 31  2  2  3  9 14 75  4  7 14 10  3 26 15 11 70  7  1 66  8 12 78  6  5 89
15  8 82 10  1 28 12 14 20  8  2 48  7  3  5  5  5 28  1 13 59  6 10 99  4  7 22  9 11 32 13  4  7 11  6  7 14  9 92  2 12 66  3 15 89
15  4 86  2  5 79  4 10 79 11 14 30  7  2 70  1 12 45  9 11 24 12  6 83  3  3  7  8 15 78  5  9 16 10  7  8 13 13 88  6  8 29 14  1 37
 4  6 59  5  9 69 10  1 10 11  2 65 13  8 19 14  4 27  9 11 98  1 10  7  8 13 83 15 12 35 12  3  3  6  5 83  7 14 93  2 15 21  3  7 52