20 20 20
 9  3 94 17  7 66  6  2 10 10  4 53  4 17 26  1  8 15 14  1 65  7  5 82  5 16 10 19 11 27 20  6 93 18 19 92 16 13 96  3 18 70 11 15 83  2 10 74 12 12 31  8 20 88 15 14 51 13  9 57
 8 11 78 12  6  8  9  5  7 11 13 91  3 17 79 17 10 18 20 15 51  5  8 18 15  1 99 19 12 33  2 16  4 16  3 82  6  7 40 10 20 86  4  9 50 14  2 54  7 18 21  1 14  6 18  4 54 13 19 68
 8 15 82  5 19 20 11  7 39  3 20 35  7  4 68  4 14 73  1  9 23 15  2 30 12 10 30 16  5 53  6  1 94 19  6 58 10 13 93 13 11 32 20  8 91 17 17 30 14 18 56 18 12 27  2  3 92  9 16  9
11 13 78 12  8 23  8  3 21 14  1 60  5  7 36 13  6 29  7 11 95 20 12 99 16 19 79  1 17 76  9  2 93 17 16 42  2 15 52  3 20 42  6  5 96 15 10 29 10 18 61  4 14 88 18  9 70 19  4 16
14 17 31 20  9 65  3  3 83 15 16 78 17  8 26  6 13 50  7 19 87  1  7 62 16 10 14 18  2 30 19  1 18 13 11 75  9  6 20 12 18  4  2 12 91  8  4 68 10 14 19 11 20 54  4 15 85  5  5 73
 6 10 43  5  3 24  7 17 37  3 19 87 14  9 66 17  6 32 11 14 52  1 20  9 13 18 49 18  1 61 19  2 35 20 16 99  4 15 62  8 12  6  2  5 62 10  7  7  9  8 80 15 11  3 12 13 57 16  4  7
14 17 85 15  4 30  9 15 96 20  2 91  2  1 13  5 10 87  8 16 82 16  6 83  7  5 78 12  7 56  6  9 85  1 18  8 13  3 66 10 19 88 17 13 15 18 11  5 19  8 59 11 14 30  4 12 60  3 20 41
 3 10 17 18 12 66  8  1 89  9 17 78  7  7 88 10  2 69 13 19 45 19  5 82  2 20  6  5 16 13  6 11 90 15 18 27 20  6  1 14 14  8 12  3 91  1  8 80 17  4 89  4  9 49 11 13 32 16 15 28
11  3 90 19 17 93 20 15  6 17 20 35 12  9 73  8  1 47  3  2 43  6  5 75 18 11  8  5 18 51 16 13  3 13 19 84  1  7 34 14 14 28 15 10 60  2 16 69  7  4 45  9  6 67  4  8 58 10 12 87
 8  1 65 12 16 62 15  9 97  3  2 20 13 11 31  7  3 33  2 10 33 11 17 77 18 13 50  1 15 80  9  7 48  6  8 90 14 20 75  4  4 96 20 12 44 10 14 28  5  5 21 16  6 51 17 18 75 19 19 17
 3  3 89  9 19 59 18 11 56 14  2 63 20 16 18 10 18 17  8  1 30 16 12 16  1 20  7  6  6 35 17  8 57  7  9 16 19 17 42 12 15 34 15  5 37 11 10 26  5 13 68  4  7 73  2 14  5 13  4  8
18  4 12 15  8 87  5  9 83 17  5 20 16 17 97 19 18 20  9 20 85  2  6 61  7 14  9 14  1 36 11  3 63 10 10 11 13 15 45 20  7 10  6 16 33  4  2  5  3 12 41 12 19 47  1 11  9  8 13 74
 6  6 33 10 14 35  7 15 78  8 11 12 12  7 22 17 16 44 15 10  8 18  2 97 20  1 10  5  8 86 16 17 33 19 19 60  2 12 21  1 20 96 13 13 69  4  3 34 11 18 94  3  4 15  9  5 23 14  9 84
 1  4 16  5 17 55  2  3 50 13  2  5 15 16 59  8  7 35 17 19 12 20 18 57 14 14 11 10  6 51  9 15 72  3 12 42 11 10  4 18  8 62  6  9 15 19 11 27  4  5 16  7 13 34 12 20  8 16  1 50
 1  7 85  3 12 12  7  3 48  9 11  5 19 10 25 11 13 40 18 18 81 13 20 46  4 15 67 15  8 25  5 17 83 16 16 92  2  2 25 10  4 40 14  6 21  6  9  4 17 14 43 20  1 38 12 19 60  8  5 24
20  2  3  8  4 28 19 17 86  6 15 68  4 13 55  5 10 91  3  1 97  1  7 19 12 16 73  7  8 20 18 19 28  9 14 81 10 18 46 11 12 98 17  6 46  2  3 29 14  9 96 13 20 12 16  5 71 15 11 32
 6 15 64 19  9 39  2 16 16  9 17 97  4  3 99  8 14 49 13  6 75 14 10  7 18 19 79 11 12 80 17 11 71 16  4  9  7 18 11  5 20  8 10  2  4 15  8 47  3 13 93 20  5 82  1  1  6 12  7 49
 8  2  7  6 13 24  5 14 92 20  6 13  7  5 86  9 10 80 11 20 34 18  1 75 16 12 35  2  3 29  3 17 60 15 18 20 10 16 48 19  7 46  4 19 57 12 15 73 17  8  8 13  9 45  1  4 90 14 11 84
15  7 12 19  5 53  1  2 81  8 18 96 17 16 18  9 13 88  3  9 84  2  4 38 13  8 73  6  6 60 20  3 39  5 15 50 10 12  5  4 20  9 12 17 63 14 10 18  7 19  9 11 14 51 18 11 93 16  1 57
13 17 82 19  4 46  7 20 38 11 18 58  2 11 86 17 14 49  9  1 45 20  7 37  3  9  9 15 19 95  4  8 82 10 13  6  1 15 62  5  3 96 14 10 17 18  5 65  8 16 39 16  6 82  6 12 49 12  2 94