20 20 20
17 10  5 16 12  9  1 20 53  3 15 74 13  3 71  2  8 10 18  2  9 19  7 69  7 19 33  6 16 39 12 14 41 10 13 14 11 18 37 15  4 16  5  1 44  4  5 12 20 11 68 14 17 49  9  6 66  8  9 14
 9 18 68  2  9  3  7 11 49 10  7 49 13 16 93  6 20 29 19  6 34 15  8 21  4 10 70 20 14 91 14  1 14  8  5 21  1 19 76 18  3 48  3  4 87 17 15 21 16 13 90 11 12 20 12 17 59  5  2 10
 2  8 34 12 13 44 17  7 20 20 14 37  4 10 86  3  2 84 14 18 60  7 17 20  6 19 54  9  9 98 10  6 15  1 12 50 16  5 70 15  1 84 18 11 68  8  3 40 11 16 18 19 15 82  5  4 75 13 20 71
15 12 36 12 15 96 18 20 61  4 16 57 17 10 22 19 18 42 14 19 11  9  3 19  1  7 22  8 13 18 13  2 93 10 14  5  5  6 38 16  9 35  6  4 24  7 11 69 20  1 61  2  5 41 11 17 56  3  8 62
14  2 46 19  9 10 16  7 86 15  8 19  8 20 35  5  4 21 12 10 84  1  6 20  7 18 50 10 17 48 20 12 84  3 19 99 18  3 86 13 14 64 11 16 10  9 11  8  2  1 12  4 13 71  6  5  4 17 15 86
12  6 74 19 20  1  5 13 78 16  3 18 15 18 13 10  1 30  6  8 96 17 17 57  3  4 20 14 15 46  2 11 63  9 14 42 20  5 87 13  2 29 18 19 82  1  7 14  7 16 57  4 10 41  8  9 46 11 12 62
20 14 67 18  1 40  9  7 28  1  5 28 10 15 20 17 10 98 13  8 17 12  6 10 14  3 95  5 18 94 11 20  8  7 13 82  6  4 21  4 17 28  2  2 71 16 12 10  8 19 67 19  9 60  3 11 79 15 16 54
16 19 73  8  7 59  2 14 97 11 11 39  4  3 64  3 18 38 13  4 25  9  2  7 20 13 21 12  6 40 14 20 14  5 12 51 18 10 88  1 15 49  6 16 74 19  8 53 15  1 53 10 17 54  7  5 53 17  9 52
 7 19  3 16  1 71 18  6 72 10 11 66 20 17 41  3 13 64  6 16  6  1  9  7 17  4 46 15 20 56  4 14 30  8 18 70  9  8 22 19  3 53  5  5 55  2 12 92 11 15 54 14  7 41 13 10 39 12  2 49
 1 14  9 17 10 11  6  5 31 12  6 69  7 18 27  8  9 54 14  4 69 15 19 17 13  2  1  3 11 53  5 17 31 19  3 90 10  1  9 18 13  3 16 12 41 11  7 97 20 16 42  2 20 21  9  8 54  4 15 69
 9  8 65 15 17 13 16 11 77  3 13 79 18 12 29  1 18 41 12  3 20 20 15  7 11  4 18  4  7 99 10  6 26 17 14 98 14  9 92  6  5 48 13 20 66  2 16 62  7  2 17  8 10 56 19  1 88  5 19 51
17  9 69 19  4 15  6 14 69  8 18 74 14  6 20 18 15 43 13  1 98  2  7 12  3 16 35 10 10 89  4  3  1  9 20 62 11 19 43 16 12 16 15 17 40 20 11 32  5  5 85  7  8 73  1  2 98 12 13 23
 9 13  7  2  4 74 11  2 71  6 18 68  3  5 76  1 11 26  7 12 71 15  8 51  8 16 82 16 19 35 17  7 83 19  1 81 13 10 20 12 14 26  5  9 24 20 17 12 18 15 90  4 20 28 14  3 85 10  6 17
11 15 72  9 17 20  1 18  6  3 20 75 10  9 95 14 11 27  4  1 37 20  6 30  2 13 74  8  7 87 18  2 34  6 16 49 16  5 66 19 19 76 12 12 13 17  4 45  7  8 61 13 14 27 15  3 77  5 10 45
15  8 23  8 11 94 12 16 73 13 17 55 17 15 62  5 18 54  3 20 97 14  1 40  1  5 50  2  2 56  9 19 66 18  7 13  4  9 14 10 10 59 19  3 31  7 13  7 11 14 94  6 12 51 16  6 28 20  4 87
 4 17 35  9 13 92  6  7  6 14 12 46 12  6 61 10 16 84  8  2 83 18 14 99 19 18 70 17 11 24 15 19 15  2  8 44 20  5 41  1  4 82 16  3 92  7 10 68 11 20 36  3 15 30 13  1 61  5  9 65
 8 14 48  2 10 53 10 12 51 17  6 17 13  3 66 12  2 76  7  7 21  1 18 17  5  5 40 11  4 63  6 19 82  3  1 29 14 11 83 18 13 30  9  9 38 15 16 42 19 20 17 20  8  2 16 17 92  4 15  7
 8 15 20 14 10 72 12  9 10  5 17 69 13 12 68  1 18 56  6  1 54 16  2  6 10  4 96 11 16 11  7  7 35 15  3 49  3  6 63  4  5 83  2  8 53 18 11 75 20 20 78 17 13 21  9 14 15 19 19 44
17 19 70  2  4 71 13  1 55 14 12 15  6  7 21 10 15 60  7 13 12 15 16 83 12 17 91  8  3 27 18 10 56  3  5 91  5 18 24 19 11 40 11  8 54  9  2  5 16 14 15 20  9 47  4  6 71  1 20 77
 6  4 48 11  1  4  8 17 27  4  8 63  1  3 41  2  9 85 17 16  3  5 19 54 18 12 32 16  2 89 15 18 21  7  6 38  3 15 13 19 10 62  9 14 22 14 20 20 13  7 56 12 11 69 10  5  8 20 13 37