30 20 20
 9  8 65 15 17 13 16 11 77  3 13 79 18 12 29  1 18 41 12  3 20 20 15  7 11  4 18  4  7 99 10  6 26 17 14 98 14  9 92  6  5 48 13 20 66  2 16 62  7  2 17  8 10 56 19  1 88  5 19 51
17  9 69 19  4 15  6 14 69  8 18 74 14  6 20 18 15 43 13  1 98  2  7 12  3 16 35 10 10 89  4  3  1  9 20 62 11 19 43 16 12 16 15 17 40 20 11 32  5  5 85  7  8 73  1  2 98 12 13 23
 9 13  7  2  4 74 11  2 71  6 18 68  3  5 76  1 11 26  7 12 71 15  8 51  8 16 82 16 19 35 17  7 83 19  1 81 13 10 20 12 14 26  5  9 24 20 17 12 18 15 90  4 20 28 14  3 85 10  6 17
11 15 72  9 17 20  1 18  6  3 20 75 10  9 95 14 11 27  4  1 37 20  6 30  2 13 74  8  7 87 18  2 34  6 16 49 16  5 66 19 19 76 12 12 13 17  4 45  7  8 61 13 14 27 15  3 77  5 10 45
15  8 23  8 11 94 12 16 73 13 17 55 17 15 62  5 18 54  3 20 97 14  1 40  1  5 50  2  2 56  9 19 66 18  7 13  4  9 14 10 10 59 19  3 31  7 13  7 11 14 94  6 12 51 16  6 28 20  4 87
 4 17 35  9 13 92  6  7  6 14 12 46 12  6 61 10 16 84  8  2 83 18 14 99 19 18 70 17 11 24 15 19 15  2  8 44 20  5 41  1  4 82 16  3 92  7 10 68 11 20 36  3 15 30 13  1 61  5  9 65
 8 14 48  2 10 53 10 12 51 17  6 17 13  3 66 12  2 76  7  7 21  1 18 17  5  5 40 11  4 63  6 19 82  3  1 29 14 11 83 18 13 30  9  9 38 15 16 42 19 20 17 20  8  2 16 17 92  4 15  7
 8 15 20 14 10 72 12  9 10  5 17 69 13 12 68  1 18 56  6  1 54 16  2  6 10  4 96 11 16 11  7  7 35 15  3 49  3  6 63  4  5 83  2  8 53 18 11 75 20 20 78 17 13 21  9 14 15 19 19 44
17 19 70  2  4 71 13  1 55 14 12 15  6  7 21 10 15 60  7 13 12 15 16 83 12 17 91  8  3 27 18 10 56  3  5 91  5 18 24 19 11 40 11  8 54  9  2  5 16 14 15 20  9 47  4  6 71  1 20 77
 6  4 48 11  1  4  8 17 27  4  8 63  1  3 41  2  9 85 17 16  3  5 19 54 18 12 32 16  2 89 15 18 21  7  6 38  3 15 13 19 10 62  9 14 22 14 20 20 13  7 56 12 11 69 10  5  8 20 13 37
19 14 13 15 15 15  6 20 83  3 11 93 12 16 88 11 17 10  8  8 91  4  6 24 13 13 76  7  1  1 16 10 97 18  4 28  5  2  3  9 19  6  2 18 76 10 12  5 20  5 97  1  9 56 17  3 94 14  7 81
11 20 27  7 15 66  1 10 29  5 14  4 18 13 60 14  2 35  3 18 26 17 16 21  4  4 79  6 12 92  2  3 56 20  5 64  8  6 44 16  1 94 10  8 22  9  9  1 12 17 41 13 19 67 19 11  9 15  7 82
 5 16 49 18  3  2 12  7 11 17  8 35 10 17 30 16 15 29 14 19 85 15 11 76  7  2  8  1 20 94 19  6 70 13 18 14  2 10 81 11  5 49  9 12 31  3 13 36  6  1 75  4  4 49  8 14 87 20  9 88
 3 16  7 15 10 22 10 13 38  4 18 43  8  3 18 17 11 60 19  5 57  5 19 37  2  4 73 12 15 13  1 20 64  6  9 88 20  1 38 14 14 94 13  7 16 11  2  5  9  6  7  7 12 32 16 17 15 18  8 25
16  4 28 19  6 70  3 19 67  6 16 47 20 20  6 14 14 59  4 15 25 13 12 76 11 17 38 10  9 49  5 10 89  8  1 88 17 13 90  9  2 67  1  7 46 12 18 13 15 11 20  2  5 14 18  8 62  7  3 88
 3 19 84 20 15 91 11  9 37  6 17 61 15  3 27 13  1 43 19 11 81 18  2 62  9 13 40 16  4 75 10 10  7  8  7 59  7 20 10  5  5 28 17  6 28  1 14 79 14 18 73  4  8 93 12 12 10  2 16 13
 7 16  8 17  6 20 14 20 79  8 10 49 15 18  4 13  4 62  4  2 31 19 14 97 11  7 16  1  1 98 12  5 62 18 11 81  5  3 13  9 12 63  2 19 59  6 13 91 20  8 74 10 17 73  3  9 93 16 15 48
10 10 23  3  6 13  2  3 77 19  7  7  1 17 22 20 13 20 18  9 89  6  5 97  7  4 97 15  1 58  5  8 51 16  2 28 17 14 67 12 15 21  9 16 53  8 20 18  4 18 86 11 19 41 14 11 23 13 12 16
 9  1  9  1  4  7 11  9 20  3  5 62  2 13 56  6 17 33 17  3 88 19  8 81 18 16 86  7  7 16 20 11 21  8  6 28 10 20 81 14 12 43  4 18 78  5 15 36 15 14 97 13  2 19 16 19 58 12 10 16
17 16 74  2  7 89 11  1 68 14  4 16  8  3 85 18 13 17  9 20  3  1  2 45 10 14 55  6 12 70 15 15 35 20  6 91  3  5 65  4  8 31 13 18 42  7 17 76  5 10 74 12  9 63 19 19  4 16 11 39
20 11 57  7 18 72 13  7 57 15 15 46  6  9 15 16 12 86  5  3 55 12  8 95  9 19 41  2 13 34 18 16 83 19  6 27 14 10 73 11  1 53  1 20 68  3  4 65  8 17 83 17 14 96  4  2 95 10  5 21
13 20 73 17 17  9 19  4 79 11 13 24 12 15  4  4 19 42 18 16 96  6  5 97  1  3 43  5  8 56  2 10 40  9  2 59  3 14 69 14  1 69 20 18 78 16  7 39 15  9 98  8  6 79 10 12 24  7 11 86
 6  2 22 18  7 91  7 20 85  2 13 42 10  8 19  5 12 52 11  3  2  1 14 68  9  9 78 15  6 24 13 19 68  8 17 13 17 10 75 20  5 14  4  4 43  3 11 55 19 16 20 16 15  3 12  1 39 14 18 39
 7 16 57  8  7  8  2 20 25 20  2 55 13  1 56 16 14 23  4 13 13 11 11 86  1 12 25  5  5 73 15  9 51  3 15 16 18  6 11  6 17 95  9  4 45 12 10 73 14 18 18 19  3 32 17 19 91 10  8 65
 7 16 99 15 19 96  6 10 60 10 14 88  5  6  1 16 18 53  8  4 28 19  7 52 11 17 56  1 13 99 17 11 51 20 12 16 14  1 53 12 20 77  3  3 59  2  8 80 13 15 96 18  9 33  9  2 61  4  5 69
20  7 33 11 14 96  1 18 69  6  2 96 16 10 68 19 15 68 13 17 48 18  3 61  9 12 27 12  5 45  3  8 84 14  9 45 10 13  9  4 19 54  5  6 46  7  4  9 17 20 84 15 16 70  2  1 67  8 11 14
 6 20 38 15  8 46  4 13 73 20 14 72  7  2 61  2  4 86  3  6 60 10 10 10 19 12 59 16 17 65  9 15 94 13  5 71 14  7 25  1 18 98 11 16 49  5  3 43  8 11  8 18  9 90 12 19 21 17  1 73
14  8 68 12 18 28 15  1 38 20 20 36 19  9 93 18 16 35 13  5 37  8 13 28  4 17 62  1 12 86 10 19 65  5 14 11 17 11 20  3 10 82  6 15 23 11  2 33 16  6 67  2  4 96  7  3 91  9  7 83
18 20 81  3  3 60 13 14 88 19 16 20 14  6 62  9 13 22 11 17 79  5  2 38 12 12 40  8  7 82 17  5 13  1  1 14 20  9 73  7 19 88  4 11 24 10 10 16 16  4 78 15  8 70  2 15 53  6 18 68
16  4 73  4  3 90  8 15 58 10 16  7  3 20  4 17 10 93  2 17 52 19 12 63  9 14 13 14 11 19  7  8 41  1  9 71 18 18 59  5  6 19 20 13 60 12  1 85 13 19 99  6  2 73 15  5 95 11  7 19