50 15 15
 9  7 35  7 10 49  2 12 63  6  9 83  5  8 53 10  6 75 15 15 78  3  4 21  8 13 15  1  1 44  4  2 70 12  3 71 14 11 55 11  5 15 13 14 21
 5 10 60  2  8 12 10 11 83  7 12 91  3 14 27 13  5 56  8  2 91  1 13 24 14  6 40  6  3 54  4  7  5 11  9 15 15  4 47  9  1 71 12 15 77
 5  3 48  9  1  4  6 13 27  4  6 63  3  2 41  2  8 85 13 12  3 10 15 54 14 10 32  7  4 89  8 14 21  1  7 38 11 11 13 15  9 62 12  5 22
10 15 20  8 14 56  3  5 69  5 13  8  6  4 37 15 12 13 13  3 15  9  1 83  1  6 93 12  2 88  2 10 10 11  9 91  7  8 24 14 11 76  4  7  1
 9  5 97 11  6 28  2  2  3  3 13  6  6 12 76  7  1  5 13 11 97  4  8 56 15 14 94 14  9 81  5 15 27  8 10 66 10  3 29 12  7  4  1  4 60
 9 10 35  6 13 26 12 11 21 13  9 79  1  7 92  2  5 56 15  8 64  3  1 44 11 15 94  5  3 22  4  4  1  7 12 41  8 14 67 14  6  9 10  2 82
 4 12 49 14  3  2  9  6 11 13  7 35  8 13 30 12  1 29  6 14 85  7 10 76  5 15  8 10  9 94 15  5 70  3  8 14 11  2 81  1 11 49  2  4 31
 7 14 36  5 13 75  3  7 49  4 12 87 14 10 88  1  2  7 13  5 22 11  4 38  9  1 43  8  6 18  2  8 60 15  3 57  6 15 37 12 11 73 10  9 13
 2 15 64  9 12 88 15  8 38  5  5 94 14  7 16  1  6  5  3 13  7 10 10 32  7 14 15 11  3 25  4 11 28  6  2 70 13  1 67  8  4 47 12  9  6
 9  9 59  1 10 25  8  7 76  6 12 38  5  4 49 15  5 89  3 11 88 12  8 90  4  1 67 11  2 46  7 13 13 10  6 20 14 15 14 13  3 62  2 14 88
 3 14 84 15 12 91  8  7 37  5 13 61 12  8 27 10 15 43  2  9 81 14  2 62  9 11 40 13  4 75  6  1  7  1  3 59  7  6 10  4 10 28 11  5 28
 1 13 79  2  8 73  7  9 93  3  5 10  4  3 13  9  1  8 14  2 20 13 15 79 11 11 49  5  7  4  8 12 62 12  4 31 15 14 97 10  6 16  6 10 98
 2 12 62 12 11 81  6 15 13 10  2 63  8 13 59  5 14 91 14 10 74  1  9 73  3  5 93  9  1 48 13  8 23  4  7 13 11  4 77 15  6  7  7  3 22
15  8 20 13  4 89  1 12 97  2  2 97 10  5 58  5  3 51 11  1 28 12  9 67  7 10 21  4 11 53  3 15 18 14 13 86  6 14 41  9  6 23  8  7 16
 7  1  9  1  3  7  9  7 20  3  5 62  8 11 56  6 13 33 14  8 88 15  2 81  2  6 86  4  9 16  5  4 21 11 14 28 10 15 81 13 10 43 12 12 78
 8  9 36 15  5 97 11 15 19 12  6 58 10  1 16 14 13 74  7  2 89  3  4 68 13  7 16  1 14 85  2  8 17  4  3  3  5 12 45  6 10 55  9 11 70
 7  7 35 14  4 91  1  8 65  4 14 31  5 10 42 10  3 76  8  9 74  2 15 63 11  1  4  6 11 39 15 13 57 13  6 72  3  5 57  9 12 46 12  2 15
11  7 86  1  2 55  7  3 95  4 14 41  2  8 34 13 11 83 14  1 27  9  5 73  6  6 53 15 15 68  8 10 65  3 12 83 12  9 96 10 13 95  5  4 21
10 15 73 13 13  9 14  3 79  9 10 24  1 12  4  4 14 42  3  5 96  5  7 97 11 11 43  6  2 56  7  4 40 12  6 59 15  9 69  8  1 69  2  8 78
 1  3 39 13 12 98  2  7 79  5 10 24  4 14 86  8  6 22 14  9 91 10 15 85  7  2 42 12 11 19  6 13 52  3  8  2 11  5 68  9  4 78 15  1 24
 5 14 68  7 10 13  9  9 75 14  5 14 11  3 43  3 12 55 12 13 20  1 11  3  6  7 39  8  2 39  2  1 57 13  4  8 10 15 25 15  8 55  4  6 56
11  9 23 15  8 13  6  6 86  2  7 25  8 11 73 10  4 51  3 10 16 13  1 11  1 12 95  4  2 45  7  5 73  9 13 18 14 15 32 12 14 91  5  3 65
 5 12 99 11 15 96  1  8 60  8 11 88  3  6  1 12 14 53  7  4 28 15  1 52 10  5 56  4  3 99 14  7 51  9 10 16 13  9 53  6  2 77  2 13 59
 2 13 80 13 12 96  5  2 33 14  7 61 11  9 69 15  5 33  3  3 96  6 15 69 10  1 96  4  4 68  8 14 68  1  8 48  7 10 61  9 11 27 12  6 45
14 11 84  5  3 45  4  2  9 13 13 54  7  6 46  3  4  9  8 15 84 11 12 70 15  5 67  9  8 14 12  7 38  1  9 46  6 14 73 10  1 72  2 10 61
10  9 86 15  1 60  5  5 10 14  7 59 11 12 65  4 10 94  8  3 71  9  2 25  1 13 98  6 11 49  2  8 43  3  6  8 13  4 90  7 14 21 12 15 73
11  6 68  9 14 28 12  7 38 15 15 36  4  8 93 14 12 35 10  5 37  8 11 28  5  2 62  3  3 86  7  4 65  2  1 11  6 10 20 13  9 82  1 13 23
 8  9 33  1  5 67  7 12 96  6  8 91 15 10 83 14 15 81  3  7 60 12  3 88  5 13 20 13  2 62  2  1 22 10  6 79  4 14 38 11 11 40  9  4 82
10  5 13 12 15 14 15  2 73  1 13 88  2 14 24  9  9 16  6  7 78 11 11 70 13 12 53  5  1 68 14  8 73  4  6 90  7  3 58  8  4  7  3 10  4
12  5 93  5 12 52 14  7 63  4  9 13  9  6 19  2  3 41 11  4 71 13 13 59  3  1 19 15  8 60  7 11 85  8 14 99  1 10 73 10 15 95  6  2 19
 6 13 62  3  8 60  2  9 93 11  4 16  1 11 10  5 10 72  9 14 88 15  5 69  7  2 58  4 15 41 10  1 46  8  3 63 12 12 76 13  7 83 14  6 62
 6  5 50 11 11 68 14 12 90  1 13 34 10  7 44  9 15  5  2  9  8 12  1 25 15  6 70  8 14 53 13  2 78  3  3 92  7 10 62  5  4 85  4  8 70
13  5 60  1  4 64 10 13 92  4  3 44 14  7 63  7 10 91  6 14 21  8  2  1  3 12 96 15  9 19 12  8 59  9  6 12 11 15 41  2  1 11  5 11 94
12  1 93 11  4 46  6  7 51 14  8 37  2  5 91 10  6 90  9 14 63  8 10 40  4  2 68  7 13 13  1 12 16  3 11 83 15  3 49 13  9 24  5 15 23
 3 12  5 15 13 35  4 15 21 11  5 14  7 11 66  2 14  3  1  9  6 14  1 98 12  3 63  5  6 64  6  8 76  9 10 94  8  2 17 13  7 62 10  4 37
12 12 35 15  6 42 14  9 62  6  3 68  5  7 73 10  2 27  2 10 52  7  4 39 13  8 41  1 15 25  3 11  9  9  5 34 11 14 50  4 13 41  8  1 98
13  8 23  4  4 32 11 13 35  9 11 10  5  3 29  8 14 68 14  2 20 12 10  8 15 15 58  2  6 62  3  1 39  1  5 32  6  7  8  7  9 33 10 12 91
 9  8 28 14  5 31  6  2  3  1  3 28 12 15 66 10 13 59  5 10 24 13  7 45  2 14 81 11  6  8  7  9 44  3  1 42  8 11  2 15 12 23  4  4 53
 3 13 11  6  9 93  5 10 27  4  2 59 10  8 62  2  5 23 12 15 23 14  1  7  8  7 77  7  6 64 11 14 60 15  4 97  1  3 36  9 12 53 13 11 72
 2 12 36 11 14 98  5 11 38  3  4 24  1 15 84  8  9 47  7  2 72 10  8  1 12 13 91 13  5 85  6  3 68 15  7 42  4  6 20 14 10 30  9  1 30
10  5 40 15 10  1  4  9 76 12 12 71  9  6 53 14  1 28  6  8 17  7  4  7 13 13  7  2  2 78 11  7 62  8 11 93  3  3 14  1 14 11  5 15 30
 5  8 84  6  6 84  4  7 55  8 13 39 13  5 82 11 12 60 15  9 74  1 15  2  3  2 90 14  4 33  2  1 87  9 10 81 12 11 39 10 14 15  7  3 87
 6  6 93  1  3 73  5  8 88  7 14 29  4 10 16 12  1 96 10  2 43 15 15 89  3 12 43  2  4 97  8  7 41 14  5 93 11  9 84  9 11 87 13 13 75
 5  6 58  4  9 58 11  2 53  7  8 32 12 10 73 13 15 34 15  7  5 10 11 74  9  4 46  3 13 98  8 12 47  6  1 60  1  3 81  2 14  5 14  5 57
 5 11 79 12  7 38  9  6 30 15 14 98  4 13 37  8  9 68 10  3 58 11 15 96  2  2 16  7  5 80  3 12 21 13  1 29 14  8 27  1  4 25  6 10 49
 7 13 60  3  7 83  9  1 18  4 10 45  8 12 64  5  5 79 14 11 42 13 15 84  1  2 15  6  8 13 12  3 77  2 14 66 11  6 15 15  9 17 10  4 12
 3  6 23 11 13 90  9 10 74  4  8 85  5  5 59  1 15 46  6  3 70 13 12 22 10  9 26 15  7 18  8  2  3  7  4 94  2  1 75 14 11 11 12 14 33
15  9 82 13  8 59  7 14 38  2 11 48 12  4  5  4  7 27 10  3 67 14  1 21 11  2  9  8 13 28  5  5 37  3 15 11  9 12  9  1  6 50  6 10 45
 2  1 82  9 10 61 12  6  6  8  9 14  6  2 99 10  5 39  4  7 53  3  3 73 15 12 96 14 11 58 13 15 50  5 13 86  7 14  2  1  4 34 11  8 28
 5  7 58 15 12 31 13 14 83  9  3 21  2  1 34 14 13 83 10 10 28 12  5 26  7 15 85  1  2 97 11  9 53  8  4 39  3 11 99  6  6 79  4  8 21