50 15 15
15 11 85  8  7 76  6 12 27  9  6  8  5 14 54 14 13 85 12 10 80  2  1 37 11  8 62 10  9 28 13  3 48  3 15 26  7  2 94  4  4 42  1  5  8
 1 15 94 15  1 99  9  7  2 14 12 95 11  9 19  5  4 93  6  6 61  8  8 78 10  3 84  4 10 93  2  2 59 12 14 63 13  5 46  3 13 25  7 11 19
10 13 97  8 15  9  7  4 29 13  8 16  6  3 24 12  2 40 11  5 56  9 11 44  4 10 23  2 12 56  1  9 88  5  1 78  3 14 89 15  7 46 14  6 87
 7 15 49 11  8  5  9 11 75  5  2 57  8 14 44 13  1  8 14  3 47 15 13 82  3 12 17  4  9 71 12  5 89  6  4 23 10 10 84  1  6 56  2  7 80
13  3 14 12  8 91 14  5 96  3  6 10  5  2 54  9  9 46  8 13 60  7 10 98 11  4 24  6  7 71  1  1 65  4 12 37 10 15 51 15 14 57  2 11 21
 6  3 94 11 13 79  3 12  9  5 10 36 12  5 22  7  1  8  4  2 68  9 14 67  1  9 46 15  4 89 13  8 30  8  6  5 14 15 39 10 11 28  2  7 80
13  6 46  8  2 27 14 15 21  6  3 55  7  1 61  1 14 14  5 10 17 10  8 44 12  5 23 11  9 50  4 12 94  2 11 10  3 13 34  9  7 72 15  4 97
 9  9 33  7  3 54  3  1 31 14  6 18  4 13 13 12 10 52  2 12 21 15  7 69  8 14 35  6 11 19  5 15 11 13  2 91 10  4 63  1  8 37 11  5 47
 2  7  9 14 10 14 12  8 27 11  3 20 13  9 11  8 15  2  3  1 77  1  6 95  7 11 99  4  2 46 15  5  1 10 14 18  9  4  2  5 12 17  6 13 34
13 13 13 14  2 71  6  5 82 12  6 94 11  1  8  9  3 28 15 10 85  7  9  4  1 12 31  2 14 35  4 15 33  8  7 21  3  8 87  5 11 94 10  4 83
 8  6  5 14  9 50 11 13 85  6  2 73 13 10 36  4  4 56  1  3 40 15 11 80  5  7 67  9 14 16  2 12 66  3  1 56 10  8 67  7 15 74 12  5 75
 3  1 94  2  2 74 10  5 97  8 11 74  5  9 43  7 13 63  4  3 18 14 15 98 13  7 98 11 10 80  6 14 48  9  8 65 15  6 66 12 12 45  1  4  3
15  4 61  3 11  8  7  7 24  9 10 29 14  1  1 10  2 58 13 15 58  4  3 56 12  9 42 11 13  8  1  8 17  6 12 69  5  6 67  8  5 64  2 14 27
14  3 13  7 14 76 11 10 75 15  2  9  1  7 93 12  1 86 13 11 53 10  6 38  8  8 49  4 12 61  2  4 63  6 15  5  3  9  1  5  5  2  9 13 29
12  6  6 11  2 54  1 13 74  9  7  4 10 15 30  8 12 60  6 11 64  5  5 63  4  8 82  3  9 87  7 10 36 15  1 25 14 14  7  2  3 72 13  4 49
 3  3 22  6  2  5 13 10 97  7 12 80  8 15 27  2  4 43  1  6 25  5  7 10 15 11 74 12 13 81  4  8  8 14 14 26 10  9 83 11  5 53  9  1 83
13  6 37  2  4 72  9  7 32 10  8 19  7 14 24 14 10 48 12  1 42 11 12 81  6 11 91  4  2 95  1 15 98 15  9 22  8  3 79  3 13 91  5  5 71
15  2 78 13  3 71  9  6 48  6 12 59  2 13 84  7  8 37  4 14 63  5 10 60 10  1 62 12  5 91  1 11 13 14  7 16 11  9  5  8  4 99  3 15  6
 1 12 81 13 13 80  6 14 66  9  3 92  3  8 23 14  5 67  5 10 36  8  2 27 10 11 81 12  6 57 11 15 52  2  4 53  7  7 26  4  9 51 15  1 12
 8  5 25  2  7 25  9  4 46 15 15 96  4 11 72  7 10 52  3  8 71 13 13 16  6  3 30 10  1 89  1  2 94  5 14 14 11 12 57 12  6 13 14  9  8
 1 12 44  8  2 36  6  4 38 10 11 61 11  6 84  9  8 74  7  1  5 12 10 28 15  9 86  5 14 43 14 15 40  3  5  4 13  7 89  2 13 67  4  3 92
10 12 82 14  5 22  2  8 15 15 11 55  7  1 31 12 15 13  9  6 86  1  2 30  4  3 39  8 13 95  5  4 83 13 14 92 11  7 14  3  9 48  6 10 34
 6  1 66 13  8 72  1 15 57 15  7 48 10  9 14  7 10 23  2 11 22  5  3 24 12  4 93 11 14 80  3  2 15  8  5 47 14  6 77  9 12 64  4 13 76
15  7 40  2 14 91  7  2  4  5  5 70 12 12 75  8 13 82 11 11 88  6  4 79  1  8 97  9  9 60 14  1 45  3  3 50  4 10 76 13  6 91 10 15 91
 1  5 11  9 15 87 10 12 53  6  3 23  5 14  5 14  4 80 13  7 95 11  2 84  4  9 93  7 11 33  8  1 25 15  8 21 12 13 65  3 10 71  2  6  3
12  2 65 10 15 14  7 14  8  9  9 36  5  4 23 14  5 21  6 11  2  3  7  8 13 10 50  8  1 21 11 12  9  1  6 77  2  8 48  4 13 29 15  3 40
13  1 40 12 15 73 10 12 32 14  8 18  1  7 34  9 13 16  4  4 66  5  9 27  6 11 54  7 10 72  8 14  5  3  3 83  2  2 98 15  5 97 11  6 81
11 15 31  6  7 38  1 12 52  7 13 91  5  2 77 15 11 23 13  3 27 10 14 95  8  4 85 12  6 42 14  8 26  4  5  7  2 10 83  9  1 98  3  9 40
12  3  8  8 10 41  7  9 16  2  1 34  3  2  9  6 13  8 10  5 16  9  7 96  1  4 39  4 15 91 13 12 26 14 14 17 15 11  4  5  8 89 11  6 92
 1  8 74  5  2 54 11  5 89 12 15 78  8 10 10 13  3 64  3  9 91 10  4 78 15 12 75  9  6 17  7 13 71  6  7 91 14  1 44  4 11 95  2 14 51
14 13 81 12  6 89  1  9 38  3  4 61  2 11 61 10 14 36  6  2 66  9  3 14 11 10 38  8 15  5  5  5 75 15  7 52  4 12 26  7  8 82 13  1 53
12 15 21  1  8 64 10 10 93  9  1 11 13  7 36 14  4 13 11  3 42  6  2 56  2  9 81  5 14  6  7  6 30 15 11 20  4 13 57  8  5 40  3 12 92
 3  1 92 10  2 37  1  4  9  2  9 81 13  7 74  6 13 55 15  6 34  5 14 34  7  8 35 11 11 14 12 10 55  4 15 86 14 12 94  9  3 86  8  5  9
15  2 53  1 12 33  3 13 84 14  6 80  8  9 95 13  5 44  5 15 26 10  8 66  7  4  3  2 14 99 12  3 81  4 10 54 11  1 16  6  7 28  9 11 38
12  9 33  1  2 14 14 13 26 10 14  6  3 10 27 13  1 56  9  5 53  6  3 83 11  7 69  4  8 68 15 15 17  2  4 82  8 12 28  7  6 22  5 11 27
 7 13 15  9  5  9  3 14 89  2 11 93 10  1 66 15  7 18  1  3 27  8  6 54 13  4 16  6 15 58  4 12 58 11  2 41  5 10 67 12  9 42 14  8 93
12  2 96 13 11 78 14  5  2  4  7 73  1 12  1  6 15  3  5 14  5 15 13 25  9  1  7  2 10 12  8  8 46 11  3  4 10  4 75  3  6  2  7  9 38
14  2 31 10 15 24  6 10 59  5  9 67 15  4 42  1  1 97 12 13 56  9 11 20  2  8 98  8  3 56 11  6 25  3 14 57  4  7 95 13  5 42  7 12 33
 8  1 48  6  9 45 12 15 10 14 14 18 10 12 48 11 10 96  3  4 46 15  8 45  5 11 64 13  3 73  2  7 20  1  6 69  7  5 40  9 13 10  4  2  7
 4 13 98  5 15 98  6 10 45  7  7 15 11 14 10  1  8 49 12 11 55 13  6 66  8  9 63 15  3 37  3  4  2  2 12 78  9  2 84 10  5 64 14  1 38
 9  6 85 12 15 27  4 10 48  8 11 75  5  9 41  2  7 36 10  4 58  7  8 92 15  3 93 11 13 75  6  1 53  3 14 89  1  2 38 14  5 24 13 12 57
12  3 96  6 13  5  8  4 38  2  5 88 15  7  4 13  6 91  7 14 42 11  8 67  1 12 62  4 15 78 10 11 30 14 10 34  3  9 88  5  2  2  9  1  1
 8 10 89 10  5 28 15  8 85 14  4  2  7  2 39  9 12 55  4  6  1 13  9 98  6  7 85  3 14 92 12 13 79  2  3 69  1 15 62  5 11 16 11  1 88
 1  9  1  4  8 66 11  4 98 12 13 14  2  2 51  6 12 30 10  6 35  5  7 30 14 11 74 13  3 31  3  5 90 15 14 59  7 10 57  9 15 68  8  1 16
13  9 65 11  5  8  7 15 15  2  6 79 14 14 30  5 12 26  4 10 90  9  3 88  1  8 35 15  4 90 12  1 35  6 11 74 10 13 97  8  7 28  3  2 33
 2  6 79  5  7 93 11  5 47 14 11 19 15 10 95  1  9 11  4  3 79  6 14 86 12 15 85 10 12 34  9 13 29 13  8 37  3  1 76  7  4 17  8  2 21
 9  9 73  1  3 70 15  8 87 13  7 92 14 15  2  8  6 58  7  2 15 12  4 74  3  1 82  5 14 74  2 12 94 11 13 45  4 11 42 10  5 30  6 10 84
 8  3 61  9  5 18 11  2 17  2 15 97  1 12 42  4  1 84 10  9 71  3  7 62  7  4 74 15  6 32 13 14 11 12 13 65  6 11 22 14 10 21  5  8 14
10  4 37  1 13 34  2 14 63  7 15 16  6  5 45 13  1  3  9  8 29 15  3 52 11  6 49  4  7 63  3 12 27  8 10 67 14 11 19  5  2 38 12  9 81
 7 14 66  2 12 26  9 10 73 12  8 99  6  6  8 15  4 19 10  2 70  3 11 67 11  7 90  4 15 98  8  3 66  1  5 25 14  9 40  5 13 47 13  1 56