50 15 15
 5 15  2  3  7 16  1 13 12 11  1 88  2  2 25  9 12 16 14 11 35  4  4 10 13  3 98 10  5 52  6  9 27 12  6 42 15 10  1  7  8 49  8 14 28
11  8 41  5  5  6  1 11 32  6  2 89  3  4 60 15  6 64  8  3 10  9 15 36 12 14 34 14 10 46  7 13  6  2  9 86 10  7  9  4 12 28 13  1 25
 2  8 14  8  5  3  5 12 79  4 11 92  1 10 72 12  7 81 15  2 25 10 13 60  9  1 48  6  4 26  3  9 59 14  3 74 13  6  8  7 15 65 11 14 44
 9  2 87 12  6 71  3 11 50  5 14 67 10 13 66 13  1 21 15 10 77  7  5 93  8  3 54 11  7 74  4 15 10  1  8 46 14  4 84  2  9 59  6 12 54
11 13 38  6  3 26  2 11 32  8  1 95  4  4 56  3 15 28  1  8 85 12  6 20 13  9 98 15  5 25 14  7 45  5 10 60  7 12 76  9  2 79 10 14 97
15 13 14 12  9 79 14 12 93  7  1 25 13 10 41  6  3 17 10 15 34  5  4 86  9  2 36  3  7 23  4 11  8  1  5 61  2  6  5  8  8 41 11 14 17
15  3 62 10  7 19 14 15 56  3  6 42  1 14  8  5  9  6 12  1 84  6 13 83  7  4 65  8  8 67  2 10 75 11 11 66  4 12 85 13  5 66  9  2 18
 9 10 77  4  9 16 13  5 41  7  1 69  6 14 65 10 12 18  3  8 85  2  3 35 14 11 85 12 13 51  5  2 92  1  4 87  8  6 30 11 15 21 15  7 29
 6  2 70  9 10 61  5  3 71  7 13 83 15  9 83  1  4 31  4 14  1 12 12 29 10  7 49 13  8 71  3  6  1 11 15 34  2 11 69 14  5 86  8  1 93
10  8 22  8  7 84 11 13 10 15  9 83  9 15 63 12 14 31  5  2  3 13 12 14 14  5 98  7  3 93  4  4 81  1  1 23  2  6 34  6 10 25  3 11 16
 4  3 72  8 10 51  7 14 42 15  9 31 10  8 61  9  5 46  6  4 88  5 15 33 11  6 27  2  1 85  1 12 70 13  2 56 12 11 70  3  7 50 14 13 25
 2  8 19 12 12 79  1  2 79  6  9 47  9  4 40 14  1 67  4 15 43 11  3 65 10 11 84  3  6 61 13 14 30  7 10 56  5  7 19  8 13 91 15  5 68
 8  9 94  4 12  7  9  4  2 12  3 95  1  5 60  5  1 82 10  2 76 14 14 36  2 11  8 11  8 85  7 13  7  6 15 44 15  6  2 13 10 72  3  7 91
 7  4 58 12 13 67  6  2 84 14  9 34  4 15 19  3 10 19  2  5 94  5 12 41 10  3 98 13  8 96  9 11 25  1  6 40 15  1 74  8 14 88 11  7 74
 2 10 45 12 12 60  7  1  8  6 11 29  9  2 32  8  8 42 13  9 25 10  3  4  3 13 71 15  7 79 14  5 93  4 14 28  1  4 30  5  6 17 11 15 43
12  4 84  3 15 56 13  6 46  2 14 93 15 10 66  1  9 84  7  8 40 10  7  4  4 12 15 14  1 15  8  2 54 11  5 39  5 11 77  6 13 55  9  3 31
15 13 65  8 15 91 12 11 17  1 12 47 13  5 77  9  1 68 10 14 62 11  3 22  4  9 72 14  4 47  5  6 38  2  2  7  3  7 11  7 10 22  6  8 63
 8  1 12  5 11 21 14 15 60  6  3 42 15 14 22 12 10 84  3 12 60 13  2 52  7  9 25  2  6 53  1  5 53 11  7 56 10 13 29  4  4 83  9  8 32
 8 11 48  5  1 28 15 12 70 11 13 26  4  4 68  1 10  4 14  2 19  9  5 92  2  7 24  3 14 54  7  8 57 13  3 47 12 15 84 10  9 85  6  6 95
 3 14 36 13  1 34 11  6 65  4 15 64  7  8 30  6  3 41 15 11 53 10  7 74 14 12 44  5 13 13  1  2 41 12  4  6  8 10 32  9  9 94  2  5 37
12 13 62 10 10  9  4  5 89  8  6 37  7  2 28  5  3 23  1  7 13  3  9 60  6  8 46  2 11 94 11 12 85  9  1 72 14 14 18 13  4 79 15 15 11
 1 11 74  5  7 61  2 14 43 10  5 26  3  9 97 12  2 62 14 12 40 11  8 60  8  1 62  7  3 78  9  6 42 13  4  8 15 13 21  4 15 11  6 10 70
 7 15  9  1  6 22  5 10  9 11 14  8  3  9 54 15  5 32 10  4 92 14 11 76 12  7  2 13 13 63  2  8 63  9  2 98  6 12 42  4  3 12  8  1 41
 6 11 67 11  6  7 14  3 91  3  5 52  8 10 87  5  1  4  9 13  1  7  9 56 10  2 82  1 12 47 13 15 35 12  8  8  2  4 92 15  7 39  4 14 11
12  6 44  3 11 24  1 13 24  5 14 14 15  1 34  6  7 57 10  2 30 11  5 64  7  3  4 13  9 14  9 12 69  2 10 95  8  4 22  4 15 60 14  8 61
15  4 47  8  9 74 12  6  7  1 13 14 13 11 12  2  2 85  7  3 38 11  1 88  4 10 67  5 15 44  9  5 84 14 12 24  3 14 13 10  8 28  6  7 18
 3 12 54 13  1 81 11  8 39 10  6 75 15  9 42  5 11 55  1 15 68  6  7 36  8 13 46 12 14  9  7  2 85  4  3 80  2 10 20 14  4  1  9  5 52
 4  2 33 11  6 50  3  3 91 13  9 32  6  4 84  2 14  1  7 10 70 10 12 83  1  7 89 14 13 18  9  1 29 12  8 46  5  5 94  8 11 78 15 15 24
 4 13  4  1  5 31  6  4 78 11 15 75 15 14 62  2  9 62  7  6 42 14 12 52 10  7 16  3  8 53 12  1 98 13 10 47  5  3 12  9 11 12  8  2 46
 1  4 17  7  6 59 11 12 29 15 14 79 13  5 58  8  3 22  2 11 65  3 10  9 12  9 74 10  1 19  4  8 21  5  2 11  9  7 99  6 13  6 14 15 20
 8  2 99 11 12 46  9  5 17 15  1 82  1  3 31  6  8 95  5 14  5 14 11 75  3  4 55  7 13 65  4 10 80 12  6 97 13 15 49  2  9  4 10  7 18
 3 10 89  6  1 38 12  7 67 15  5 24  1 11 78 14 13 35 11  3 77 13  2 65 10  6 87  9 12  4  2  8 33  5  9 88  8 14 49  4  4  1  7 15 38
 8 10 57 10 15 65  7 14 42  3 12 54 13  8 27  9  3 39  5  1 89 15  5 54  4 13 46 11  4  3  6  2 33  2 11 25 14  6 16  1  7 86 12  9 51
13 11 36  9  7 43  2 15 36  8 14 11  1  2  2 14  3 10  4 10 56  7  9 65  5 12  2 11  5 97  6  6 48 10  4 25 15  1 18 12  8 63  3 13  2
 2 12 96  5 11 63  4  6 39 12 10 52 11  4 92  7  7 77  1  3 88  9 13  9 14  8 56  3  9 73 15 14 13  8  2 63 13  1 46 10 15 43  6  5 87
 1 11 35  3 10 12  9  3 36 12  5 50  4 13 55 13  1 91 15  7 51  5 12 36  6  9  1  7  8 99 11 14 93  2  6 10 14  4 41  8 15 61 10  2 41
 6 15 72  7  9 58 13 14 59 10  4 68  2  3 61  9  2 16  8  5 29 14 10 67  1  8 14  3  7 65 11 13 20  4  1 70 15 11 33  5 12 16 12  6 37
13 14 42 14 12 65  3  4 68  8  9 94  1 15 13  6  5 90 12  7 19  7  6 84 11  1 32  5 11 30 15  8  7  4  2 83  9  3 72  2 10 12 10 13 69
11  7  5  4 15 40  9 14 69 13  8 78  7 11 94  3  5 57 15  2 91 12  4 37 14 13 87  6  3 66  8 12  5  5  1 55 10  6 20  2 10  9  1  9 90
13  1 86  2  5 13  3 15 31 11 14  6 15 10 32  7 13 85  6 11 95  4  6 14 12  2 31  5  3 40  8  8 30  1  9 84 14  4 32 10 12 46  9  7 39
11  8 40  8  3 38 12 14 27  9  6 47 13 11 98 14 10 70  1  4 83  6 12 39 15  2  2 10 15 16  5  9 53  7  5 39  2  1 97  3 13  7  4  7 42
13  2 98 14  9 40 10 11 93  3  3  8  1 15 58 15  1 33  9 10 47 11  5 55  5  7 73  2  4 89  8  6 85 12 14 19  6 13 81  7  8 14  4 12 64
11 15 31  4 13 18  2  8 45 13  3 32 12  6 60  6  7 62  9 12 64  5  5 88  7 10  5  1 14 34 10  1 24 15  2 90  3  9 28 14 11 72  8  4 66
10  8 14 13  9 12 15  7 90  2  5 19  6 12 28 12 11 54  7  3 57  5 15 57  8 10 45 11  6 13  9  1 97  3  4 44  1 14  9  4 13 26 14  2 46
 6 10 99  1 12  1  3 11 20 11 14  2  2  8 24 10  3 56 14  2 80  5  4 85 12 13 51  4  9 56  9  7 74  7  6 83 13  1 23 15 15 35  8  5  9
 5  6 55 13  9 12  7  3 29  1 10 49  3  5  2 12  4 36 11  8 70  9  1 60 14 15 23  2 13 42  8 12 21 10 11 57  6  7 89 15  2 56  4 14 36
 3  1 80  5  8 41  9 11  1 15 10 91 14  3 70 10  5 68 12 14 69  1  9 79  7 15 52 13  4 79  6 12  1  2  2 38  8 13 48  4  6 12 11  7 90
 8 12 61 11  8 51 12 11 31 10  7 10 14 13 30 13 14 47  4  5 58 15  4 21  1  1  7  2  2 53  5  6 70  3  9 35  7  3 35  6 10  5  9 15  8
 9  1 30 12 13 31  2  8 36 13 15 95 15  9 75  1 11 14  5 14 45  4 12 43 10  6 64  7 10 96  6  3 99  3  7 16  8  4 73 11  2 33 14  5 96
 1 15 38 14  9 84  5  5 21  4  4 70  3  3 39 15  1 55  7  8 52  2  2 70  6 10 15 13  7 24  8  6 36 12 14 46  9 11 44 11 12 57 10 13 32