50 15 15
10  7 75  6  1  9  3 15 53 12  6 64  1  5 43 13  2 18  9 10 66  7 12 34 15  3 97  5 14 23  8  4 55  2  8 12  4 13 31 11 11 64 14  9 86
 8 12 76  9  1 68 13  2 11  1 10 25 10 14 62 14  9 36  5 15 53 12  3 75  7  5  8  6 13 97 15  8 75  2 11 92 11  6 71  3  4 36  4  7 34
12  9 54  1 14 17  2  3 21  9 15 91  6  4  2 10 10 77  8  1 21 15 11 49  5  2 94 13  6 89 14  5 37  4 12 79 11  7 89  7 13 53  3  8 47
11  3 75  8  4 99 10  5 50  5 15 40  1 11 90  2 10 74  3  7 15  6  1  4 15  9  1 13  6  4  7  2  9 12 13 42  4  8 38 14 12 34  9 14 29
11 10 79  8 15 95  6  3 16 13  9 72  5  5 34  7  4 17  1  6 27 12 11 16 15 12 88 14 13 89  3  1 14  4  2 95  9  8 97  2  7 97 10 14 61
 8 11  2 15 14 69 12  1 45  6 13 19  5 10 35 10  8 16  3  4 30 14  9 28  4  6 41 11  7 52  9  3 97  1  2 12 13 12 64  7  5 99  2 15 24
15 15 40  6  3 42 10 13 64  7 12 65  5  5 89  9  6 28  4  8 44  8  1 87  1  9 15 13 10 47  3  2 73 14 11 98  2  7 93 12  4 54 11 14 51
 5  6 10  1 11 12  6  4  1 12 15  3 11 10 18  2  8 36  7  1 31  9 12 42 15  9 13 13 14 72  3  3 30 10  5 30  4  7  2  8 13 52 14  2 19
10 11 71 11  2 52  1  1 80 15 15 20  3  3 65 14  9 26  8  8 19 13 14 69  5  5 53  6 12 81  2  4 38  9  7 45  4 13 97  7  6 48 12 10 37
 9  8 77  1 10 28 13  6  5  8 11 81  7  4 64  5  2 94  3  5 41  6 15 23 15 12 53 12 14  4  4  3 89  2  7 86 14  9 80 11 13 24 10  1  7
 4 14  5  2  5 98 12 13  1 13  4 18 10  9 57  9  7 53 11 15 50 15  3 72 14 11 36  1 10 18  8 12 75  3  6 15  7  8 47  6  2 52  5  1 69
 9  6  8 12 15 28 13 10 69 11  3 65  7  5 42  6  9 20  5 12 58  3  7 75  8 13 93 14 11 80  1  2 45 10  8 74  4  4 98 15 14 13  2  1 43
 9  3 12  6  8 31  5 12 98 10  4 76  8 10 79  4  7 10  2 14 18 12  6 19 13  1 28 11  9 68 14 11 25  1  2 40  7 13 74 15  5 55  3 15 95
 3 13 42  2  5 71  8  2 78 15 15 10 10  4 55  6 14  1 12 11 42  9  3 83  4 10 74  1  8  3  7  1 49  5 12 85 13  6 64 14  9 84 11  7 43
 4  9 59  2 11 40 13  6 37  5  5 65  9  7 41  3 12 68  1  4 24 12 14 36 14  8 64  6 13 67 11 10 16  8 15 83 15  3 72  7  2 18 10  1 74
13  7 40  2  2 96  5  5 59 10  9 95 14  1 76  1  3 75 12  4 23  9  6 65  4 10 65  6 15 16  7 13 71 15 11 52 11 12 84  3  8 99  8 14 24
 6  6  2  2  7 88 15 10 99 11  1 52 14  9 68 10  5 13  7 11 38 13 13 35  9 14 57  3  2 37  8  3 93  1 12 38  4 15 68  5  8 94 12  4 71
 7  7 87  4 15 46 11 11 14  8  1 87 14  8 30  5 12 79  6  2 62 10 14 37  9  6 54  3 13  1  1  5 97  2  4 16 12  3  2 15 10 51 13  9 96
11  2 19  8  4 15  6  8 42  1  1  8 10  6 72 14 10 15  3  9 76  9 12 25  2  3 78 15  5 84 12 13 62  4 14 70 13  7 81  7 11 16  5 15 97
 7  3 68 13  5 71 15  2  3  2 11 68  8 15 91  6 12 37 12  1 73  1  9 21  3  7 85  4  8 79  9  6 51 14 10 50  5 13 21 10 14 30 11  4 64
 5  4 14  8  2  1  7  7 29  1  5 72  9  3  6 14  8 31 13  1 98 15 14 50  4  6 83  3 15  2  6  9 86 10 12 33 11 10 33  2 13 98 12 11 59
11 15 21 12 13 80  7  3 99 10 12 70  1  8 80  3  6 71  2 10 47  9  1 96 13  5 56  8  4 78  6  7 53  4 14 10 14  9 92 15  2  1  5 11 33
 4  6 29 11  4 85  6  7 89  7 10 10  9 14 30  5 11 38  1 13 38 15  2 48  3  1 16  8 12 65 10  9 90 12  5 73 13  3 88  2 15 46 14  8 47
 2 15 37  3 13  9  7  8 49  8 14 23 11  6  1 13  9 78 15  3 39  9  4 15  1 10  9  4  1 41 14  7 35  6  5 83  5  2  8 10 12 61 12 11 60
13 14  1  8  1 73  7 11 47 15 12 46  4  8 10  5  6 37  1  4 60 14  2 84 11  9 26  9 10 11 12  7 37 10 15 79  6  3 75  3  5 49  2 13 51
 5 10 22  4 13 49  9 14 33 15 15  2  3  9 24 14  7  3  6  8 73  7 12 68 11  2 21 13  1 61  8  5 69 12 11 94  2  3 43 10  4 39  1  6 48
 7 13 81 13  8 46  8 12 21  6 14 23  3  5 86  5 11 19 14  9 64 12 15 52  9  6 22  1  2 50 11  4 11  4  1 73  2  7 77 10 10 16 15  3 75
13 14 21 14  3 80  9  5 30  8  2 32  2  6 22  7  8 23  1  9 85  6  4 92 10 12 14 11 13 13  5  1 68  3 15 60 15 11 45  4 10 32 12  7 90
13  9 29  2 13 95  5  5 52  9 12 59  7  2 33 11  6 12  8  7 73  4  4 96  1  3 75  6 14 12 14 10 83  3  8  3 10 15 90 15 11 57 12  1  6
 8  7 94  6 10 18  1 14 54 11  3 42  3  2 70  4  1 29 10 12 43  7  8 50 12  6 75  9  9 70  2 11 40  5 13 48 15 15  1 13  5 27 14  4 12
 1  6 27  5  9 37 11  4 46 14  7 16 12  3 99  3  8 76  9 11 80  4  2 90  7 15 33  6 12 57 13 14 66 15 10 56 10  5 71  2  1 69  8 13 39
 4 11 64  3 10 24  5  2 59 14  9 44 10  3 45  2  4 36  8 14 84 12  8 26  6  5 66 15  1 92  1 12 85 13  6 53 11  7 36  7 15 64  9 13 80
 3  2 41  4  9 49  1 11 36  5 10 17 12  5 14 11 12 69  6  6 21  7  8 36 14 15 24  9  3 96 10  7 81  8 13 78  2  4 43 13 14 52 15  1  7
 2  8 66  7 13 69  4  3 69  9  6 89  6 10 10  1 15 12  3  2 70  8  9  4 12 11 12 10  5 27 14 14 48 13  4 16  5  1 28 11  7  7 15 12 15
 2 11 49 10  4 98  4  6 62  5  3 92  8 15 97 13  5 58 12  2 25  9  8 98  7  9 61 14  7  4  1 10 94  6  1 62 11 12 27 15 14 56  3 13 58
15  3 85 12  7  4  3  9 69  9  2 83  4  1  5  1  5 86  5 13 95 11 15 67  8 11 23 14 14 62  6  4 59  2  6 65 10  8 16 13 12 23  7 10 97
 9  9 33 15 11 56 13  6 77  4  3 19 11 12 75  7  5 73  2 10 71  6  1 88  3 15 13  1 13 39  8  7 51  5 14 59 12  4 56 14  2  6 10  8 42
 4  1 30 15 12 15 11 15 17  6  4 16  2  5 58  3  2 65  5 13 42 10  6 64 14  3  4  7  8 60  9 11 86  1  7 53 13 14 45  8  9 48 12 10 19
 9  1 77  8 14 89 12  4 73  6  3 96  3 15 78 10 13 61  1 11 88  7 10 46  5  2 60 11  8 32 15 12 25  2  7 54 14  6 41  4  5 95 13  9 53
12  8 23  8 14  8  3  5  8 13  4  4 14  6 28 15  1 73  2  7  8  7  2 44  1  3 80  4 10 86 11 11 27  9 12 69 10 13 20  6  9  8  5 15 97
 5  8 47  6 12 34 14  3 32  7 14 59 11  9 72 13  1 56  2 15 54  8 13 23  3  4 77 15  7 39  1 11 15  9 10  1  4  2  5 10  5 85 12  6 57
 3  2 84  6  5 55  2 10 75 13 14 54 14 12 61  9  4 95  5  1  4 10 13 70  1  6 72 15 15 43 11  7 71  7  3 98  8 11 19 12  8 81  4  9 94
 7  5 34  2  1 13  8  6 28 15  8 78 11 14 60  1  7 98 12  2 38 10 12 56  4  3 29  5 13 12 14 10  6  3 11 62  6 15  5 13  4 21  9  9 76
 5  7  7 13 11 25 15 14 48  8  2 34 10  4 99 11  5 47  2 13  4  6  8 44  4 10 89  7 15 41 12  9 23  3  6 92  9  3 67 14 12 76  1  1 58
14 11  1 15  5 76 12  4  3 13 15 43  4 10 69  5  7 70  1  6 38  3  9 84  7  2 85  2  8 93  6  3 94 10 14 70 11 13 73  9  1 75  8 12 47
 5 12 17  9  8 84  6 15 90 13 10 57 10  3 29  3  4 97 14  6 95  1  7 91  4  2 47  8 14  8  2 13 83 12 11 96 11  5 65  7  9 75 15  1 62
11  5 56 15 15 83  7  9 75  8  4 69  4 11 84  9  7 59 13 10 11  1 12 43  3  6 58 12  2 25 10 14 50  2  1 57 14 13 80  6  8 52  5  3 61
 3  6 94 15  5 97  7  4 84  5  7 47 11 15 92  4 12 44 12 10  9  8  3 52 13  9 18 10  2 47  1  1  4  9  8 11  2 13 92 14 14 59  6 11  3
11 13 57  6 14 59 15  6 34  5  7 16 10  9 79  1 12 72  3  2  8 14  1 84 12 15 78  7 11 80  9 10 85 13  4 84  4  5 60  2  8 88  8  3 62
10  7 75  8 12 26  6  5 87  9 13 92  4  9 77  3  4 57  5  8  6 11  3  4 14  2 15  1 10 86 12  6 68 13  1  9  7 11 83 15 14 96  2 15 76