50 15 15
 7  6 88 10 15 53  2 12 51 13 13 55  4  5 12 12  4  9 11  9 76 14 10 20  1 11 71  8  1 33 15 14 39  3  3 42  6  2 68  5  8 48  9  7 54
 5  8 79  8  9 50  7  4 26  4 15 28 13 10 57  3 11 37 12  2  1  2  7 45 10  6  2  9  1 57 15  5 23  1 12 26 11 13 97  6  3 44 14 14  2
 4 10 63 14  9 16 12  1 78 11  6 20  8 11 16  6  2 53  7  4 38 13  3 77  3 15 47 10  8 46  5  7 33  1 14 95  2 13 67 15  5 45  9 12 98
15  6 48  8 12  1  2 15 83 10 11 68  4  2 11 13  4 55 12  8 69 11  3 63  7  7 58  3 13 11 14  1 80  1  9 23  6  5 67  9 14 10  5 10 63
12  6 52  8  7 34  1 11 25  7  3 78  6 13 83 14  9 28 13 14  3  2 10 96  5  1 34 10 12 43 11  4 41 15 15  6  9  8 27  4  2 16  3  5 15
 9  6 72  4  1 73 13  7 84  6  5 66 12 13 74 10 11 56 14  2 54  2 12 98 11 15  9  3  8 77  5  3 98  1 14 66  8  9 60  7 10 28 15  4 12
 4  3 26 11 13 56  1  4  8 14 10 29 12 14 97  7  6 63 15 12 83  8  5  9 10  8 94  5 11 43  6  2 13 13  1 15  9  7 16  2 15 96  3  9 53
12  4 30  2  2 30  5 15 49  8 13 91  1  7 78 11 14 80  9  5 55  3 11 65 15  1 96  6 10 29  4 12 66  7  8 61 14  3 84 10  6 15 13  9 31
13  1 45  1 12 74 15 13 11  7 14 41  4  7 33  3  5 79  5 11 46  6  6 87 10 15 69 12 10 97  8  3 13 14  2 71  2  4 94 11  8 18  9  9 82
 2  5 62 14  6 37  8 12 26 13 14 81  7 15 34  5  1 31  1  9 17 15  3 78 12 13 43  6  7 81 11 10 32  9  8 53 10  2  6  3 11 61  4  4 93
14 14 41  4  2 94  5 11 53  3  9 28 11 15 88 12  1 76 10  5 45  7  8 96  6  7 60  8 13 11  9  4 95  2  3 96 13  6 20 15 10 27  1 12 65
 8  2 15  1  7 17 10 15 22 14  5 90 11  1 77  5 10 96  2  3 78  6 14 45 15 11 10  9  9 58 12  8 95 13  6 10  4  4 21  3 13 49  7 12 54
11 14  2 10 13 99 15  6 96  6  1 14 13  5 63  3  8 86  8  3 61  1 12 45  2  7 59  5 15 38  9  9 28  4 11 72 14  4  1  7 10 59 12  2 10
10 11 73  7  5 31  8 10 85 11  4  8  2  6 70 15 13 68 13  3 20  3 12 61  6  1 40  5  2 90  9 15 70  4  9 54 12  8 58 14  7 66  1 14 78
12  2 51  7  1 71  5 12 52  9  3 72  3 14 69 13  6 55  8 11 11 10  8 95  1 13 21  2  7 61  4 15 81  6 10 31 11  5 33 14  4 32 15  9 19
 4 12  4  6  2  5  8  5 51 15 10 26 12 13 31 14 15 39  7  1 90  2  4 99  3  7 48 10 14 21 11  6 45 13  9 72  5 11 49  9  3 73  1  8 95
 4  1 52  3  5 69  6  2 59  9 12 35  7 14 85  5  9 18 12 10 32 14  3 89  1 13 93 13  8 21 10 15 73 11  6 47 15 11 77  2  7 92  8  4 63
11  3 52  8  8 30  7  1 94  5 10 52  6 12 70  9  7 88  3  6 21 12  4  1 15  9 11 13  5 25  2 14 50  4 13  8  1 11 94 10  2 55 14 15 48
10 11 93  5  4 33 11 12 62 13  9 10  3  2 31 14  8 37  7  7 62  8 14 52  1  3 47  4 15 34  6  1  2  9 13 85  2  5 72 15  6 30 12 10 29
10  4 83  1  8 19 13 15  7 11  3 75 14 12 94 15  5 57  8 13 33  7 14 33  9 11 55  2  1 86 12  9 44  4  7 89  5 10 47  6  6 47  3  2 48
 1  8  6 13  7  3  9 12 82  8  3 13  6  1 40 14 14 77  2 10 34 11  4 66 15  9 45  4  2 38  3 15 52  5  6 15  7 13 47 10 11 38 12  5 25
 5 12 43 11  9 22  2 13 80 14  4 52 12  5 76  8  3 86  6  2 35 13  7 44  1 14 46  4 10 41 10 11 93  9  1  9  7  8 31 15 15  4  3  6 80
 5  1 46  8  8 62  7  3 86  2  7 28 10  6 86  4 11 80 11  4 12 13  5 60  3 12 95  6 13 30  9 10 31  1  9 88 15 15 28 12  2 69 14 14 84
15  5 14  5  7 76 13  6 36  7 11 67 11 14 32 12 10 16  8  9 76 14 15 86  6  4 54 10 13 24  3  2 41  9  8 52  2  1 88  4  3 32  1 12 33
12  9 99  7 14 56 11 13 22 14 10 21 13  7 24  5  8 48  6  2 74  8 11 15 10  4 56  3  6 80  9 12 54  2  5 51  1  1 35 15 15 73  4  3 18
 7  4 23  9 11 64 11  6 96 10  9 74  1  5 13  3  7 94  6  8 18 12 12 86  8 10 64  2  2 76 15 15 34  4  1 39 14 13 45 13  3 22  5 14 88
 4 12 91 12 14 53 13  7 54  3  5 29  5 15 29  2 10 35 11  8 71  9  1 39 15  2 60  1 13 25 10  9 39  8  4 34  7  3 72 14 11 73  6  6 30
 8  5 95 13 15 20 15  9  5  5  8 98 11 13 87  9  7 94 10  6 96  3  3 88 12  1 41  2  2 93  6 14 72  7 11 28  4 12 85 14 10 96  1  4 50
15 10 11  6 12 55 10 15 22  2 13 31  1  1 36  4  4 85  5  2  4 13  8 41  9  6 64  8  9 59 12  5 57 11  7 79  3 14 65 14 11  3  7  3 82
 2 10 56  1  4 28  8  6 12  6 11  7  4 13 74  9  8 15 11 15 26  7  1 23  3  3 31 13 12 74 10  5 28  5  7 74 12  2 46 15  9 17 14 14 18
 4  2 64 14  1 97  8  6 84 15 13 35 10  9 85 12  8 10  3 11 23 13  7  2  2 10 96  1 12 91  5  3 70  9 15 59  7  4 52 11  5 42  6 14 99
 7 12 53 14 14 47 13  7 63 10  2 81  6  3 16  8  9 35 15 15  9  9  4 18  5  5 21 11  1 74  1 13 67  2  8 99  4 10 49 12 11 79  3  6 69
15 14 82  9 15 97 11 12 75 13  8 16 12  4 68  1 10 74  6  2 96 14  6 54  3  9 95  5 13 73 10  1 71  2 11 11  8  5 40  4  3 84  7  7 91
 3  4 39  6  6 19  5 10 40  8 15 87 13 11 45 10  7 78 11 12 74  1  3 67 12  1  1  7 13 32  4  5  9 15  2 63  9 14 68  2  9 94 14  8 93
 5  9 52  7  7 62  4  5 15 14  4 27  9 12 80  3  3 34 15 10 90 10  6 59  8  2 87  1 13 33 12 11 50 13 14 36  6  8 83  2  1  5 11 15 60
 9  4 28 11 12 51  4  1 72 10 14 96  1 10 44 14  3 52  7  9 23  3  8 77 12  7 25  5  5 45  8 15 13 13  2 29  6  6 19  2 13  6 15 11 77
 9  8 52 11 13 92  2  4 35 15 11 83  7  9 42  4  1 78  5 14 27 12  7 65 10  3 88 14 12 19  3 10 81  1  2 17  6  6 24 13 15 42  8  5 22
 8 12 37 15  9 77 13  8 19  3  3 62  4 11 98  1  1 21  7  5 64 10  2 48  5 10 20 11  4 99 14 15 69 12  6 30  9 14 78  6 13  7  2  7 64
 5  5 84 11  2 88 15  6 23  7  8  6  8 12  8  9 15 98  6 14 86  4 11 78 13 13  2 14  1 52  2  7 28  3  9 91 10  4 28 12 10 79  1  3 74
15  8 30 11  2 61  5  9 29  4 14 35  1 10 49  2  3 79  6 11 49  7 13 64 12  4  1 14 12 40  3  6  1  9  5 68  8 15 16 10  7 90 13  1  7
15  4 30 14  9 13  4  6 19  8 14 83  5 11 28  9 10  8  7  7 98 11  5 82  6  1  9  3 13 15 12  3 53  2 12 29  1  8  6 10  2 83 13 15 99
 3 10 75 10  7  1 11  9 46  7  8 44 13 12 52  4  5 49  6  4 43  5 11 41  2 14 53  1 15 10 14  6 60 12  1 10  8 13 63 15  2 86  9  3 12
 7 11 35  2  4 92  4 13 58  6 14 39 10  1 82 14 10 27  1  7 98  8 15 31 13  8 23 11  5 41 12  9 92  9  3 80  5  2  4 15 12 69  3  6 82
15  2 14 11  8 67  2 10 70  3 11 89  1  6  4 14  1 38  7 13  7  5 12 65 12 14 15  4  7 15 13  3 99  9  9 44  6  5 49 10 15 66  8  4 95
11 15 21 10 13 61 12  9 43 15  6 36  4  7 64  9  8 32  2  3 83  7 11 91  8 10 13 14 14 97 13  2  4  5  1 97  6  4 79  3  5 86  1 12 76
 3 14 38 12 11 83  7 15 15  2  1 26  5  4 51  1  9 24  8 13  2 13 12 28  6  6  5 15  2 44 10  3 96  4  8 72 14  5 39 11  7 74  9 10 66
 3 10 36 12 13 87  2  3 55 13  5 44  7 11 45  8  4 86  9  9 55 11 14 41 10 15 54  6  2 97  4 12 75  1  6 61 15  1 32 14  8 20  5  7 63
10  7 89  6  8 82  8 13 39  2  9 87 12 10 68  9 14 56  5  4 53 14  5 58  4 15 75  3 12 94 15  3 33 11  6 17  7  2 75  1  1 11 13 11 50
10  9 57  7 10  7 13 12 22 11  3 94 14 13 24  1  8 24  4  6 35 15  2  5  6  1 12  2  5 72  3 14  8  5  4 68  8 15  2 12  7 24  9 11 68
 9 14 65  6 15 35  3  2 14  2  8 11 11  6 74  1  9 75  7  7 81 15 10 47 10  4 46  4 11 46  5  3 28 14  5  6 12  1  9 13 12 11  8 13 62