100 20 20
15  8 44  4 19 26  9  4 66  6  5  3 18 16 99 11 14 81  1 15 54 14 13 16  8  2 28 17  3 38  5 10 33  2 12 14 20  9 26 12  1  6 13 17 27 19  7 56 10 18 53  7 20 83 16  6 69  3 11 68
19 17 17  6 14 82  2  2 28 14  4 22  5  9 27 12 18 15  4 10  9  8 19 89  7 16 93 15  6 66 20 12 18  3  8 27 13 11 54 18  5 16 11 20 58  9  1 58 16  7 41 10 15 67 17  3 42  1 13 93
16  3 96 18 15 78  2  6  2  4  8 73 15 16  1  6 20  3  5 18  5 19 17 25  9 13  7  1 10 12 20  5 46  8 12  4 14 11 75 13  7  2  3 14 38 11  9 31 12  1 24  7 19 59 17  2 67 10  4 42
17 19 97 13 15 56  7 10 20  3 11 98  6  5 56  8 18 25 14  2 57  1  3 95 20 16 42 12  4 33 15  8 48 11  9 45 19 20 10  2 13 18 18  6 48 10  7 96  4 14 46  9 12 45  5  1 64 16 17 73
 4 16 20 19 20 69 20 18 40 12 15 10  5  6  7  9  3 98 10  2 98 11  4 45  1 12 15 16 19 10  6 13 49 17  1 55 18 11 66 13 14 63  3  8 37  8  9  2  7 17 78 14  7 84 15 10 64  2  5 38
12  7 85 16 19 27  5 13 48 10 14 75  6 12 41 15  8 36  1  3 58 11  9 92 19  5 93 13 16 75  4 11 53  8 10 89  9 20 38  2  1 24  7 17 57  3  6 96 18  4  5 14 18 38 17  2 88 20 15  4
16  1 91  2 18 42 11  5 67 13 11 62 14  2 78 12  6 30 15 20 34  3 19 88 19 16  2 18 15  1  7 17 89 17 14 28 20  9 85  4 12  2  1 10 39  6  8 55  5 13  1  8  3 98  9  4 85 10  7 92
 7 12 79 19  6 69  4 15 62  9 18 16 14 13 88  6 14  1  3  5 66 16  9 98 17  4 14  1  7 51 11 17 30 15 11 35 10  1 30  2 16 74 18  8 31  8 10 90 20 19 59 12  3 57  5 20 68 13  2 16
18 12 65 14  7  8  9 20 15  2  2 79  1 19 30  5 15 26  4 13 90 10  5 88 16  3 35 20 14 90 13  9 35 17 18 74  6  4 97 12 11 28  8 16 33  3 17 79 11  1 93 19  6 47 15 10 19  7  8 95
19  8 11 17  9 79  1 16 86 11 20 85  6 12 34 10  5 29 12 14 37  4  4 76  5 19 17  9 13 21 16  3 73  2  6 70 20 11 87  3 15 92 14  1  2  7 10 58  8 17 15 15 18 74 13  2 82 18  7 74
18  5 94  1  9 45  8  1 42  9 18 30  4  6 84 13  8 61 14 10 18 16  7 17  7 20 97  6 17 42  5  3 84 15 14 71  3 12 62 12  2 74 20 11 32  2 19 11 17  4 65 11 16 22 19 15 21 10 13 14
13  5 37 14 17 34  1 19 63  8 20 16  7  1 45 17  4  3 10  8 29 20 18 52  3  3 49 11  7 63 12 13 27 19 16 67 15  2 19  9 11 38  6 14 81 18  6 66  2 12 26  5  9 73  4 10 99 16 15  8
20  5 19  9 14 70  6 11 67  8 13 90 12 20 98  7 19 66  3 18 25 14  6 40  1 15 47 17 17 56 10 12 20  4  8 89 13  9 55 18  1 25  5  2 31  2 10 58 19 16 63 15  3 81 16  7 28 11  4 41
 3  8 16 17  4 14  1 13 30  6  5 18 16 17 12 11 12 92  4  6  4 14  3 22 18  9 28  9 10 14 20 14 29 19  7 52  5  1 82  8 19 58 13 20 46  2 15 60 12 11  8 10 16 30 15 18 96  7  2 36
 9  6 20 20  8 39 10  4 17 19 17 74  1 20 17  3  7  5 11 14 30 16 15 27 13 18 60  4  5 23  5 12 33  8 10 57 18  9 93 15 16 24 14  1 95 17  2 77  2 13 22 12 11 15  7  3 47  6 19 71
 3  3 45 19  2 36 11 10 53  4  4 47 10 13 77  9  6  8 20 16 49  1 12 30 12 17 97 18 20 33 16 19 31 13  9 39  2  1 61 17  7 83 15 18 17  7 11 33  6 15 93  8  8 65 14  5 38  5 14 74
 8 17 82 17 20 63 15  3 45  6  2 47  3  4 90 16 16 66  7  6 94 12 12 25  5 10 65  4  7 85 18 13 40 11  5 16  1 14 10  2 11 72 10  9 99  9  1 76 13 19 67 19 18 40 14  8 97 20 15 94
17 12 68 18 20 24  1  5  4  2  7 98  6 17 29 15  9 34 13  1 31  4 19  3  9 18 75  5 11 14 16  2 26 20  8 70  7 16 66 10 10 78 12 14 89 14  6 82 19 13 28 11 15 20  3  4 48  8  3  5
 3 17 28 19 16 59  2  9 99  1 15 22 20  3 32 13  6  7 12  4  7  7 11 92  5  8 66 11  7 89  9 13 86  8 14 79  6  1 79 18 20 30 16 10 70 10 19 45 17 18 24  4  2 83 14  5  7 15 12 78
 1 19 16  2 18  8  3  6 88 12 13 29 15 10 37  9 11 59 10 14 69  5  3 10 16  7 65 18  4 19 19  9 27 14 16 98  6 15  7 13  2 83 20 17 35 17  8  3 11  5 83  4  1 93  7 20 21  8 12 52
11 19 25  7 14 16  4 10 70 10 18 55  5  6 45 15  5 92 17  1 55  8  4 66 14 15 18 20 16 23  3  2 21 13 17 18  6 20 47 12 12 85  9 11 62  2  7 75 16  3 39 18 13 78 19  9 24  1  8 38
20  4 77 18  7 15  3  2  5  4 17 56 10 19 38 19 12 75 14 14 59 15  8 45 16  3 13 11 11 50  2  6 19  6 16  5  8 13 98  5 15 52  1 10 67  9  5 98  7 20 13 12  1 81 17 18 39 13  9 44
13  6 81 15  1  1 20 17 21  8 15 86  1 13 39  9 16  8  6  8  6 16 20 85  4 11 45 18  4 63  2 19 41 11 14 55 17  2 55 14  5 31  5  9 75 12 10 14 10 12 57 19  3  5  7 18  3  3  7 97
13  1 53 20  8 85 16 10 88  9 11 74  7 18 15  1 12 21  8 13 42 12  6 56  6 17 56 19  3 44  5 20 83  2  4 52 14 19 79 18  2 98 15  5 57  4  9 69 10  7 81 17 16 81  3 15 62 11 14 80
14  9  3 17 12 38  5 15 62 20  4 54 16 17 66 15  3 88 12 20 82  3 18  3  9 10 12  2  2 88 19 13 83  7  5 51 18  1 47 10 16 15  8 11 89 13 19 76 11  8 52  1 14 18  6  7 22  4  6 85
13 20 26 20 18 30 12 13  5  5  6 89  3  4 22  7 12 62  8 14 47 15  8 93  6  2 54  9 16 38 11 19 78 14 10 71 10 11 96  2  3 19 16  9 33 18  5 44 19 17 71  1 15 90  4  7  9 17  1 21
19  7 33 15  2 82  9 18 80  8 12 30  1 16 96 10  3 31  5 11 11  2  1 26 18 13 41  4  9 55 13  5 12  7  8 10  6 20 92 17 15  3 16  4 75 11 17 36 12  6 49  3 19 10 20 14 43 14 10 69
 1  7 72 20 19 19  2  1 65  7  9 37  8 16 57 16 13 32 18  3 11  4 12 73 10 15 89 15  4 12 14 18 83  3  2 32 13 11  6 19 14 13  5  6 87 12 17 94 11  5 36 17 10 76  9  8 46  6 20 30
20  2 56 15 13 62 11  5 32  6  6 52  1 14 72  3 19 29  8 16 78  4 17 21  7  7 27 14  4 17  5 11 43 17  9 14 16  3 15 13  1 16  2  8 49 12 20 72 18 15 19 10 10 99 19 12 38  9 18 64
 6  8 12 11 15 74 15  4  4  9  9  3 13 17 15 10 11 62 14  1 50 20 18 38  3  6 49  8 19 25  5  7 18  2  5 55 17 20  5  7 10 71 18  3 27  1 16 69 16 13 13 12 14 33  4 12 47 19  2 86
 1 17 31 10 10 97 15 16 48  4  3 25 16 15 40 17  4 94  8  1 22  9  2 61 19 19 59  3  6 16  6 18 27 11  8  4 13 13 35 18 12 80  7  5 49 20 11 46  5 14 84 14  7 46 12  9 96  2 20 72
15 18 18  3 15 23 11  7 96 13 13 74 16  8 23  4 19 36  8 16 17  7  4 81 18 11 67  9  9 47 20  5  5 10  3 51 12  6 23  2 10 82  1 14 35 14  1 96 19 12  7  5  2 54  6 20 92 17 17 38
 2 18 78 12  7 58 20  8 62 17 15 43 13  3  1  6  5 56  7 14 76  5 10 49  1 13 80  8 17 26 16  4 79 10  6  9  9 12 24 15 20 24 18 16 42 14 11 38  3 19 86 19  9 38  4  1 38 11  2 83
13 19 36  3 17 11 14 11 17 19 15 99 12  6 14 18  9 57  8 12 64 15 14 58 16  4 96  4 16 17 20  5 10  1 10 86  6  7 93 11  2 63  2  1 61  5 13 62  7 20 75 10 18 90 17  8 40  9  3 77
 2  7  8 15  1 27 13 16 96 16 20 69 10 11 64  7 10 73 19 14 12  6  3 14 17 12 71  8  5  3  4  2 47  5 13 84 14  8 84  9  6 53 11 18 58  3  4 95 12 19 87  1 15 90 18  9 68 20 17 75
 2  8 59  5 12 12  4 16 76  6  6 89  8  2 84 16 17 19 12 11 63 20  1  5  1 13 39 18 20 34  3 10 50 17  3 84 13  4 39 19 19 38  7  5 85 15 15 88 11 14 21  9  7 47 14 18 53 10  9 32
19  2 22 18 20 98 12 16 64 17 18 98 10 17 16 11 10 83  7  5 49  9  9 48  8  7 65 20 15 28  4 19 22 13 11 43  1 13 84  5  6 47  6  1 28 16  8 48 14  4 74  2 12 97  3  3 54 15 14 88
 4 13 20  2 17 72 16 16 47  6  9 24 19 12 56  3 20 59  8  3 97 15 19 35 17  7 86 18  5 51 11  6 20  1  2 69 12  1 35  7 15 36  5  4 42 20  8 69 14 11 12 10 10 55  9 18 21 13 14 99
 9 10 39 10  2 15  3 13 24  4 14 16  5 20 54 12  7 43 16  5 12 13 15 57 17  6 77 11  3 80  2 16  4 15 11 25  7 17 46 18  9 37 19 19 74 14  4 91  1 12 31  8 18 45 20  8 51  6  1 12
 7  8 50 11  7 41 16  6 31 12  2 81  5 14 10  4 18  6 10  3 36 15 20  3 18  5 42 20 17 86  2 15 37  9 11 16 19  1 36 14 19 66  3 12 58  6  4 22  8 16 18 13 13 40  1  9 81 17 10 24
 5  8 36  6 20 20 15 16 29  8  3 61 16 10 70  4 15 11  3 13 64 12 12 83  1 11 82 10  1 60 19 14 42 13  6 53 17  4  8  2 17 39 11  5 77 18  7 83 14 19 80 20  9  5  9 18 92  7  2 53
 4 15 99  8 11 86 11  4 57 17 14 55 16  6 89 15  3 48  2  1 82  6  7 14 20  8 37 13 17 87 18 18 77 19  5  5 12 13 28  1 12 18 14 19 28  7  9 79  9 10 21  5  2 18  3 16 82 10 20 83
11  3 89 17  7 50 15  4 94 16 10 59  3 18 64 18 20 42 20 14 45  2  6 69  5 13 33  1  2 61 10 12 53 13 19 79 19 16  5 14  8 65  9 11 39  7 17 86 12  5 68  6  9 17  8 15 61  4  1 74
 3  5 65  2  4 17 19  7  5  5 13  3 12  6  4 20  2 37 17 10 20  6 18 22  7 14 60 18  3  5  8 17 30  9 19 42 15  8 30  1  9  5 13  1 52 11 20  4 16 12 69 14 16 89 10 11 97  4 15  9
 7  8 44  2  2 14  9 16 22 13 20 29 14 14 98 15  9 20  4 12 47 19 11 70  8 19 70 20  5 76  5 15  7 11 17 46 10  6 60 12 10 96  1 18 50 18  3 18 17  1 91 16 13 89  3  4 64  6  7 34
15 17 82 17  2 73  4 18 94 10  4  2 12 19 21 11  1 48  9  5 51 16  8 85 18 14 85  7 13 17 19  7 44  6  6 47  2  9 62  1  3 96 20 11 54  5 16 69  3 20 35 14 10 54  8 12 76 13 15 61
 1 18 85  4  6  9 10 19 47 11  2 58 15 10 87  7  4 70  2 15  6  6 17 30 18  7 31 12 11 73  3 12 43 17 14 28  9 16 31 16 13 85 14  1 72  8  3 38 13  8 58 20 20 16  5  5 34 19  9 14
16 16 85 15 20  4 14 13  2  6  1 75 20  8 77  3 17 30  9 11 88 11  6 84 13  4 66  2 19 86 18  2 28  8  7  8  7  9  4 12  3 18 17  5 40 10 18  1  5 14 40 19 12  6  4 15 36  1 10 26
 7  6 35  4  1 76  9 20 46 20  8 77 12 19 52 17  5  1 14  2 44  3 12 18  5  4 52 11 16 70 15 11 40 18 18 47  8  7 18  6 14 38  1 13 13  2 10 43 16 15 51 10  3 31 13 17 77 19  9 21
 3  8  6  1  2 32  4  9 26  8 11 12  9  4  1 11  3  1 15  1 15  2 12 26 13 18 71 17 19 69  7 15 89  5 10 93 16  6 63 10 17 42 18 20 18  6 13  1 12 14 32 19  7 11 20 16 94 14  5 69
 7 20  2  3  9 16  1 17 12 14 19 88  5  8 25 11 15 16 18 14 35 13  1 10 17  3 98  6 13 52 16 16 27  8 12 42 20  7  1 15  4 49  4 11 28 19 18 41  9  6  6 10 10 32  2  2 89 12  5 60
20  2 64  4 11 10  6 18 36 11 16 34 15  6 46 10 13  6  9 15 86 13  8  9 16 14 28  8  5 25  2  4 14  5 10  3 14  3 79  3 12 92 17  9 72 19  1 81  1  7 25  7 20 60 18 17 48 12 19 26
 5 11 59 14  5 74  3  4  8 18 18 65  7 20 44  2  7 87 17  1 71  8 16 50 10 19 67 15  3 66  4  6 21 20 15 77 12 10 93 13  8 54 16 12 74  9  2 10  6 13 46 19  9 84  1 14 59 11 17 54
14 17 38  8  3 26  2 15 32 10 16 95  9  1 56  6 19 28  1  9 85  7 20 20 16  7 98 20  2 25 17  8 45 13 14 60 15 10 76  5 11 79  4 18 97 12 12 14 19  6 79  3  4 93 11 13 25 18  5 41
 2 13 17  9 20 34 15 15 86  5  4 36 18 18 23 17  7  8  4 17 61 19  6  5 16 19 41  3  9 17 20 12 62  6  3 19  8  2 56 13 11 42 11 10  8 10  8  6 14  1 84  1 14 83 12  5 65  7 16 67
19 10 75 17  8 66 12  6 85  8  2 66 18 13 18 14 15 77  9 14 16  5  1 41  3  3 69 11 19 65 15 17 18  4  5 85  7  4 35  1 16 85  2 18 51 10  7 92  6  9 87 13 11 30 16 20 21 20 12 29
 8  2 70 12 13 61  5  3 71  1 17 83 20 12 83  6  4 31  4 19  1 15 14 29  2 18 49 16  8 71 19 16  1 18  7 34 14 10 69 10 15 86 11 11 93  7  9 22  9  1 84 13 20 10  3  5 83 17  6 63
13 18 31  7  2  3 14 12 14 17 19 98 18 15 93 20  1 81  4  9 23  8 14 34  3  8 25 19 17 16  1  3 72 16 10 51 15 20 42  6 11 31  5 16 61  2  7 46 12  6 88 11 13 33 10  5 27  9  4 85
18  8 70  8 12 56  2 11 70 13 16 50  9  1 25  7 13 19 17 17 79  6  7 79 11 14 47 14  9 40 19  6 67  5 20 43 16  5 65 15  4 84  3  3 61  1 19 30 12 15 56 10  2 19  4 18 91 20 10 68
11 11 94  5 16  7  1  5  2 15  4 95  9  3 60 10  1 82 12 15 76 18 17 36 14 12  8  7 18 85  3  2  7  8 19 44 19 13  2 13  6 72 20  8 91  6  7 58  2 20 67 16 14 84  4  9 34 17 10 19
 2  9 19 13 19 94 18 12 41  7 14 98 14  3 96 12  7 25  8  1 40 19 11 74 11  5 88  4  8 74  9 17 45  3 18 60 15 10  8  1  6 29 17  2 32  5 13 42 10  4 25 16 15  4 20 20 71  6 16 79
15  6 93 16 12 28 18 10 30  1 11 17 19  4 43 17  9 84  8 20 56  3  5 46  7 19 93 20 15 66  6 14 84 12 13 40  4  2  4  9 17 15  5  1 15 13  7 54  2  3 39 10 16 77 11 18 55 14  8 31
19 18 65 10 20 91 15 14 17 20 16 47 16  5 77  2 17 68 12 19 62 13 12 22  4  9 72 18  3 47  3  4 38 14  7  7  8  6 11  5  1 22  1 11 63  6 15 12 17  8 21  9  2 60 11 10 42  7 13 22
14 10 84 17 14 60 15  1 52  2  5 25 19  7 53 12 16 53 13  8 56 16  3 29 18 19 83  9 13 32  3 17 48  1 18 28 20 12 70 10  9 26  6  2 68  4  4  4  7  6 19 11 20 92  5 15 24  8 11 54
15 12 57  8  4 47  3 18 84 13 20 85  6 17 95  2 19 36 18  6 34 16 11 65  9  2 64 12 13 30 11  8 41 20 16 53  1  1 74 19  5 44 10  3 13  5  7 41 17  9  6  4 15 32 14 14 94  7 10 37
15 18 62 14 13  9  4  6 89 10  7 37  8 12 28  7  5 23  1  4 13  9 10 60  6  9 46  3  3 94 11 14 85 13 15 72 17  8 18 16 16 79 12 19 11  2  2 74 18  1 61  5 20 43 20 11 26 19 17 97
14  3 62 17 12 40 11  4 60 10  9 62 16 17 78  6  1 42 12  8  8 20  6 21 13 20 11  3 14 70 15  7  9  4 10 22  1  5  9 18 19  8  7 13 54  8 15 32  9 11 92  5  2 76 19 16  2  2 18 63
11  1 63  5 11 98 20  9 42  3  7 12  4 16 41  1  5 67 16  2  7 19  8 91  8 10 52 13 15 87 10  6  4 14 18  1 12 14 56 15  4 82  6 17 47 18 20 35 17 13  8  7  3 92  2 12 39  9 19 11
15  8 44  4 15 24 16 17 24  5 18 14 19  7 34  6  1 57 12 13 30 13  5 64 11  3  4  1  2 14  3  6 69  8 14 95 14  9 22 20  4 60 17 20 61  7 11 47 18 19 74  9 12  7 10 10 14  2 16 12
 5  8 85  3  7 38 10 15 88 19  1 67 13 18 44 20  2 84 15 10 24  7 14 13 11  4 28  2  6 18 12  5 54  4 11 81 18 16 39 17  3 75  6 17 42  8 12 55  1 20 68 16  9 36 14 13 46  9 19  9
 2  8 85  3 17 80  7 14 20  8  2  1 13  3 52  9  7 33 16 11 50  4  1 91 18  5 32 11  9 84  1 19  1 12 15 70 15  4 83  6 12 89 19 18 18 14  6 29 17 13 46 10 10 94  5 16 78 20 20 24
 6 17  4  5  7 31  7  4 78 14 20 75 20 18 62  4 10 62  8  6 42 18 14 52 11  9 16 12  8 53 13 15 98 15 12 47  2  5 12 17 19 12 16 16 46 10  1 17  3 13 59 19  3 29  9 11 79  1  2 58
 6 13 22  3 12 65 11  9  9 13  5 74  1 15 19 18 17 21  2  3 11 10 16 99 20 10  6  9  1 20 16  2 99  5 18 46  7 14 17  8 11 82  4  4 31 15  6 95 17 20  5 14 19 75 19  7 55 12  8 65
19 11 80  2  8 97  5 15 49 16 16  4 18  6 18  8  3 89 11  5 38 17 12 67 20 10 24  6  4 78  1 18 35  4  2 77  3  7 65 15  1 87 14 17  4  7 13 33 10 14 88 13 19 49  9  9  1 12 20 38
11 13 57 13 20 65  9 18 42  3 16 54 17  9 27 10  3 39  5 12 89 20  5 54 16 17 46 12  1  3  4  2 33 14 11 25  7  4 16 18  6 86  6 19 51  8 15 36 19 14 43  2  7 36 15  8 11  1 10  2
18 19 10  5  9 56  3  6 65 15 12  2  7  3 97 16  1 48 14 16 25 19  5 18  2  2 63  1  4  2 12 18 96  9 11 63 13 15 39  8 17 52 10 14 92  6  7 77 11 13 88  4 20  9 20 10 56 17  8 73
18 15 13 14  1 63  4 14 46  9  3 43  8 10 87  6 16 35  5  2 12  2  8 36 17  5 50  3 18 55  1  6 91 20 12 51 10 17 36 11  4  1 12 13 99 16 19 93  7 11 10 19  9 41 13 20 61 15  7 41
 8 20 72  9 12 58 17 18 59 12  5 68  1  3 61 11 11 16  5  4 29 18  2 67  2  8 14 15 17 65  6 16 20 14  7 70 20 15 33 10 10 16 19  9 37 13  1 42 16 19 65  7 13 68  4 14 94  3  6 13
 2 19 90 13  2 19  1 18 84 11 17 32 14  8 30 20  3  7  8  9 83 18 13 72 12 15 12  5 11 69 17  7  5  3 20 40 16  1 69 19 16 78  9  6 94  4 10 57  6 12 91 10 14 37 15  4 87  7  5 66
 8  8  5 17 20 55  9 16 20  1  7  9 16 19 90 18  6 86  7 10 13  4  2 31  5  5  6 20 15 32 12 18 85 11  3 95  3 11 14  2  4 31 10  1 40 13 13 30  6 14 84 19  9 32 15 17 46 14 12 39
14 11 40 11  3 38 15 18 27  2  7 47 17 14 98 18 12 70 13 13 83 19 15 39  8  2  2  4 20 16 16 17 53  3  1 39 10  6 97 12  5  7  6 19 42 20 16 98  7  8 40  9 10 93  5  9  8  1  4 58
19  7 33  7  8 47 11 19 55 15  2 73 16  4 89  6  1 85 10 15 19  1  5 81 18 18 14 12 10 64  9 20 31 13  3 18  2 16 45  8 13 32  3  6 60  5 14 62  4 12 64 14 17 88 17  9  5 20 11 34
 3 19 24 19 10 90  6 11 28 10 16 72  1  9 66 15 13 14 18 14 12 20 12 90  7  2 19 11 17 28 17  4 54 12  8 57  4 20 57 13 15 45 16  3 13 14  6 97  8  5 44  5  1  9  9 18 26  2  7 46
 7 13 99  1 16  1  3 14 20 14 18  2  2  9 24 13  3 56 19 15 80 12  4 85 15  2 51  6  5 56 10  6 74 18 11 83 11  7 23 20  8 35  5 20  9 17 17 55  4 19 12  9 12 29  8  1 49 16 10  2
13  9 36 10  4 70  7  8 60 16 20 23 15 13 42  4 11 21  1  3 57  8  7 89 20  2 56 19 14 36 12  6 80 14 16 41  6 18  1  9 17 91 11  5 70 18 15 68  2  1 69  3 12 79  5 10 52 17 19 79
12  5  1 14 17 38  2  6 48 17  2 12  8  1 90 13  4 61 16 13 51  4 16 31 15 12 10 19 18 30 18 19 47  9 10 58 20  9 21  6  3  7  7  7 53 10 11 70  5 14 35  1  8 35 11 15  5  3 20  8
11  1 30 15 17 31 16 11 36 17 19 95 20  3 75  1 13 14 19 18 45  3 15 43  6  6 64  5  5 96 10  9 99 13  7 16 14  4 73  9 10 33 12  8 96  8 20 38  2 14 84 18 12 21  7  2 70  4 16 39
20 19 55  3  5 52 18  7 70  2  6 15 13  4 24 16 18 36  9 14 46  1 17 44 10  9 57 12 16 32  7 20  7  5 10 90  8 11 24  6  2 42 11 13 12 19 15 67 14 12  5 17  3 34 15  1 54  4  8 94
15 14 77  2  2 14  6 16 15 14 19  2  1  7 20  3 15 24 18  6 35  8 17 52 20 11 47  7  8 96 19  3 15 12 20 33 13  4 31 17 10  5  5  9 94 16  1 18  4 18 18 11 12 11 10  5 91  9 13 52
 2 15 53  8 12 76 14 20 15 13 11 71 17  5 11 19  6 71  4 13 26  9 17 10  1 14 37 12  7 30 18 18 21  3 16 51  6 10 62 10  8 66  5  1 17 11 19 76 16  2 75 20  3 66  7  9 72 15  4 17
18 12  3  6  5 68  9  4 10 14 15 84  8 11 93 20 14 86 12  2 53 17 10 74 16  3 55  5  1 63 11 18 51 19 19 28 13  8 65  7 17 31 15  7 85  4 20 43  2  6 51  1 16 71  3 13 70 10  9 14
 7  9 46 18  6 60 15 16 37 20  7 82  4  1 59 12  3 74  2 19 73 11 18 86  5  4 59 10  8  3  8  2 91 13 15 24  3 12 47 16 11 18 17 10 42 14 20 40  1  5 43 19 17 33  6 14 18  9 13 85
19  9 88  9 19 99  7  8 30 14  4  2  1  2 56  2 14 51  6 13 95 11  6 25 17 20 48 12 12 30 18 17 86 15  5 57 10  1 77  5 16 20  8 15 12 13  7 91 16 11 54  4 18  7 20  3 98  3 10 87
 2 19 19 18  1 26  5 11  6  7  4 57 19  8 88 17  2 64 13 20 53  8 16 11 20  5 58 10  3 24  3 14 36 11 18  7 12 12 35 15 13 64 14 10 12 16 15  1  9  6 25  6  9 70  4  7 47  1 17 48
 2 18  8  4  5 42 16 12 72  9 17  3  3  9 25 19 11 72  5  7 55 11 14 90  6 15 62  8  3 58 15  8 49 14 16 43 20  2 27  7 10 59 18  6 40  1  1 53 12 19  8 10  4 37 17 13  6 13 20 75
 4 17 64 10  8  3 17  1  4 11 12 49  2  7 19 12  9 28 15 10 41 20  2 16  7  3 56  3 16 57  6 19 21 16 15 77  5  6 58  9 14 36 18 11 93 14 13  7  1  5 90 13 20 43  8  4 36 19 18 62
18 12 77  5 15 14 19  8 48 16  6 15 17 18 68 11  9 29 15 11 48  8  4 33  4  1 41 14 20 50  3  2 23  6 10 36  9 16 56 10  3 67 12 17 14  7 13 27  2 19 72 20  7 89 13  5  2  1 14 90
12  2  1  1 20 24 17  6 27  6 15 17  2  4  7  4 12 45 13 13 24 18  8 11  3  9 63  8 19 54 15 10 55  9 18 53 16 17 60 11  3  6  7  1 55 10 14 64 20  7 96 19 11 69 14 16 37  5  5 36
14 18 37 17  2 38 13 19 30 10  3 32 18  7 79 12 20 94  8  9 78 15 10 23  5 16 52  9 11 86  7  1 30 19  8 82  1  6 32 20 13 68 16 12 46  4 14 85  6  5 73 11  4 44  3 17 19  2 15 88
14 10 53 16  5 45 12 17  2 11 13 40 19 14 35 13  6 55  7 20 76  2  1 68  5  4 83 17 19  2 20  7 32  8  9 48  6  8 45  4  2 53 18 15 33  1  3 71 15 11 33  9 16 49 10 12 92  3 18 97