100 20 20
13  2 86 19 10 11 11 19 90 12  9 65  8  6 87 15 16 61 20  8 91  4  3 45  1  4 34 10  5 80 18 18 97 16 20 71  7 11 69 17 12 70  5  1 41  9 15 12  6  7 62 14 17 39  3 14 13  2 13 76
 1 12 88  3 11 79 20 19 14  2  1 94  5  7 29  6 18 34 16  8  9 15  3 95 17  9 38 12  5 13 11  4 36 19 14 12 14 15 73  9  2 30 10 20 94  4 16 12 18  6  9  7 13 26 13 17 57  8 10 44
 1  6  9 12  3 78  6 11 55 11  2 49  5 12 45 20  4  7 14  7 19 13 16 58 10 14 47  4 18 51 15  8 92 19 10 18 18 13 12  9 15 40 17 17 17  7  1  2  3 19 72  8 20 21 16  9 65  2  5 85
13 13 37 16 16 25 11  9 46 19 19 41  6 14 32  5 18 73 14  3 56  1  1 29 15  5 31  9  6 38  8  2 85  3 10 30 12 11 54 17  8 85  2  7 43 18  4 78  7 17 65 10 12 93 20 15 95  4 20 99
 5 10 50  2 20 87 18 18 12 15  6 58 10  8 18 20 11 73  6 17 19  4  2 73 13 14 56  8 19  7  7  1 32  3 12 13 19  7 38 17 15 59 16  9 19 12  4 83  1 13 29 14 16 68 11  5 71  9  3 80
 2  8 99  9 19 36 14  1 89 12 14  6 10  3 60 19 16 71 13 11  8 11  9 59 17 18 78  3 10 43 20  2  1  8  7 33  6 17 65 15  5 18 18 15 48 16 12 81  5 20 22  7 13 52  4  4 54  1  6 85
18 14 87 14  8 95 10 20 10 16  5 44  2  3  3  6 16 16 13  2 45 20  7 76  8  9  5 17 17 76  7 19 68  5 15 11 15 12 28  9 11  6  4  6  9  1 13 43 12  1 14 11 18 25 19  4 10  3 10 85
11  8 21  5 20 59 12  3 59  6 11 47  8  4 33 16  2 68  4 13 94 14 14 52 20 10 73 17 17 37 10  1 83  1 15 18 18 18  7 15  6 46 19 12 59  2 16 40 13  9 29  3  7 77  7 19 34  9  5 25
 3 16 12 12 17 49 10 20 78 20  6 64 17 18 78  1 19 65 15  1 68  4  5 39  9  4 31  6  7 65  8  9 62 11 12 81  2 11 27  7 15 20 16 14 87 19  2 59  5  3 83 18 10 39 14  8 91 13 13 24
18 13  7  6  8 26  1  5 17 20 19 79 10  2 97 14  3 15 13 12 75  2  7 97 17 16 20  5  9 67 19 15 73  3 14 47 11 18 97  9 20 93  8  4 86 15 11  8 12 17 11  7  6 80  4 10  4 16  1 26
12 10 63 15  8  4 14 13 23 19 16 45  9  9 33  2 20  5  3  6 20 10 17 24 20  7  5 17 19 49 13 12 29 18 14  3  5  3 23  1  4 32 16  5 72  7  1 58  6  2 20  8 15 42  4 11  3 11 18 70
18  2 82 14 17 27 19 16 73 16 14 21 12  9 98  6 18 51  9 11 87 20  5 86 11 19 28 15  6 73  4  8 57  3  3 71  1 13 81  8 15 66 17  4 77  2 20  5  5 12 40 13  7 77  7 10 56 10  1 78
16  7 52  6  3 61 10  9  3  3  1 19 11 19 93 13 15 47 18 13 68  7 10  1  5  8 49 19 11 46 15 20 82 14 16 46 20 17 82 17  4 33  1 14  1  4  6 56  9 18 67 12  5 23  8 12 16  2  2 72
 5  1 86  8 19 51 19  2 18 11 14 79 15  7 38 18  5 32 20 17 92  4 16 51 17  8 74  6 18 19 13 20  2 16  6 15 14 15 57 12 12 42  1  9 10  7  4 17  3  3 57  2 10  4  9 11 53 10 13 61
 4  9 38  9 11 78 15 15 51  1  7 12  6 19 96  3  8 80 18  2 80 11 14 69 20  5 21 16 20 26 14 12 92 13  3 89  2  1  1  8 16 55  7 13 44  5 10 65 12  4 86 10 18 40 19  6 79 17 17 29
13  4 15 10 18 89 14 13 53  9  5 25 17 14 19 18  1 65  6 10 91 15  9 25 12  8 47  5  7 33  1 20  7  2  6 28  7 17 49  8 12 44 16  2 28  4  3 93  3 16 89 20 15  6 11 11 12 19 19 43
 5 18 15 16 15 68  9 14 48 13 17 30 18  9 92 14  3 11  4  6 15  6  5 11  8 10 93 20  8  5 12  7 94 10 12 21  3 16 63  2 19 13  7  4 22 19 20 22 11  1 25 17 13 14  1 11 16 15  2 88
11 10 90 15 13 62  5 12 37  4 19  4  8  9 16  3  7 39  2  8 70  9  3 76  7 14 68 13 16  1 17  1 41 10  5 56  1  2 25 12 20 23 18 11 53 19 17 47 14  4  1 16 18 72  6  6 56 20 15 52
 1  4  3 12  1 79 17  9 69  2  6 48 11  5 78  9 13 25  5  3 46 10 14 74 16 12 82 13 17 44  8 19 46  6  7 78  3 20 95 18  8  4 19 16 39  7 10  7  4 11 23 20  2 37 14 18 55 15 15  5
 3 18  2 18 17 82 16  5 99  7 13 51  4  4 85  5 11 20 20 20 28 19 15 53 12 19 16 13 16  5 10  6 82  2  7 23 17  9 90 15 12 91 11  3 74  9 10 73  8  8 75  6  1 13  1 14 55 14  2 15
17 11  7 12 14 65  5  3 87  7  6  6 14 19 12  3  9 54  1 13 71 16 16 34 19 18 28  6 17 63 10  7 42  2  1 50 20  8 89  8  5 24 13  4 98 15 20 39 18 12 55  4 10 39  9 15 41 11  2 28
 8  5 31 18 11 41 13  4  3  6 17 74  7 13  8 14 19 28 17  3  5  9  7 90  4 12  1 19  8 49 16 16 36 15  6 13 12 20 43 20 18 33  3 15 11 10 14 67  1  9 59  2 10 56  5  1 44 11  2  3
14  1 99  2  2 51  5 17 26  1  4 36 18 10 25  6  5 16 11 11 54 20 15 11  9 12 30  4 16 55 12  9 30 17  7 76 13  6 63  3  8 42 16 18 48 15 20 62 19 13 39 10  3 91  8 14 28  7 19 82
 2 10 72  5  9 72 17 20 39 18  5 72 14 11 73 11  2 54 19  4 24 20 16 62  4 19 98  8 13 34  1  3 52  3 14 47 13 15  5  7  6 41 10 12 51 12 17 58 15  1 53  6  8 29  9 18 68 16  7 31
20  7  7  7 11 46  5 13 95  8  1 89 13 10 96 12 17 43  2 19 24 19  2 34 14  6 26 15  8 54  4  3 18 10 14 55 17 16 54  1  4 73 18  9  2  9 12 32  3  5 56 11 20 42 16 15 14  6 18 84
15  9 51 17  4 46 11  5 79 13  6 88 14 17 46  9  3 54  2 20  3  6 11 22  3 16 26 18  1 53 20 18 38 16 14 34 12 13 24 19  7 46  4 10 43  8 15 53 10 12 63  1 19 46  7  8 84  5  2 54
 1 15 59  7 11 40 15  5 72 12  3 32  8 17  8 17 18  1  2 20 93 16 13 77 14 12 28  6  2 46 11 10 21  4  7 34 19  1 92  9  8 74 10  6 62  3 14 73 20  9 28 13 16 56  5 19 50 18  4 87
 9 17 78  5 13 42 17 16 74  1  6 81 11 15 97 10 10 74  6 14 63  8  9 33  3 12 51 15  7 72  7  1 21 18 19 62 12  8  1  4  3 53 14 20  4 13  5 31  2 11  2 16  2 25 20  4 53 19 18 63
18 17  5  7  2 76  8 16 56  3  6 25  9 18 33 16  4 31  1 11 90 11  5 34 17 12 28 13  3 62  5  9 27 15 15 81  4 20  1 10 14 98  6 19 25 14 10  4  2  7 93 19  1 68 20  8 47 12 13 80
 1 11 12 16 20 74 12  4 84  5  9 71  4 16 70 13 10 32  7  5 19  6  8 70 10 17 68 18  2 11  9  6 42 20  1 48  8 12 53 17 15 72 14  7 20  2  3 99 11 14 72 19 13 59 15 19 93  3 18 98
17  5 64 18  8  8  7  4 83  8  6 21 19  9 91  6 10 70 20  3 46  2 13 59 11 11 77 13 15 93 16 14 70  5  1 83 14 17  9 10 18 98  4  7 16 12 16 33  1 19 21 15 20  6  3  2 65  9 12 75
 7  3 59 10  6 18 17 10 33  6  7  3 18 18 90  2  1 58 19 13 74 15 16 50 12 14  9 20 12 22 14 15 48  8  5 53  5  2 44  9  8  7  3 11  5 16 17 42  4  4 86  1 19 45 13 20 80 11  9 65
 8  5 76 19 17 43  6  2  3 20 14 34  9 12 64 10 15 37 14 20 17 13 18 21  7  7 13  5  4 25 11  6 41 16  1 41  1 13 81 15 11  6  2  8 84  3 16 11  4  9 32 12 10  9 17 19 34 18  3 85
 2  2 29 18 11 12 17  8 76  1 16 73 19 10 78 10 12 60 13 13 27  9  5  3 15 18  3  6 14 64 12  7 98  4 17 61  3 19 18 16  6  1  5 20 70  7  4 56 11  1 13  8  3 41 20 15 80 14  9 90
 7  8 32 14 19  9 15  9 91 18  4 39  6  5 39  5 16 12 10 20 65 17  2 91 13  1 91 12 15 94  4 17 38 16 11 99  1 13 79  9 12 22  2  3 51 11 10 55  3  7 52 20 18 12  8 14 78 19  6 11
18 18 71  6 11 66 13  1 16  3 16 85  8  5 42  9  9 88 16 12  4  2  7 49 15 13 72  4  6 30 10  8 95  7 19 14 14 14 59 17 20 34 12 10 50 11  4 91  5 15 64 20  2 89  1 17 66 19  3  1
 8  5 38 16  8 18 18 15 71 13 10 63 10 11 62  3  2 75 20  1 12  7 16 20  5 14 55  9  6 78 19 20 95  2  7 49  6 13  5 12  9 75  4  3 22 11 18 16  1 12 46 14  4 95 15 19 93 17 17 52
19 20 84 16 16 17 10 18 82  5  3 31 14 12 99  8  6 14 17 13 73  1  1 52 13  2 94  3 11 48  4  5 86 18 19 43 20  7 61 15  8 99  2 10  7 12 17 70  7  4 21 11 15  2  6 14 88  9  9 38
17  7 65 16  4 81  3 15 38  5 20 51 15  8 81  9  5 37  7  3 72 12  9 94 10 17 44 13  1 99 14 11 80 19 13 66  8 16 90  1  6 83  2 12 89  6 19  7 18  2 55 20 14 17 11 18 13  4 10 45
17  9 28 11 19 73  1 12 44 16 13 65 20  4 50 19  3 84 12 15 70 18 16 71  8 17 32 14  8 91  4 18 90  6 14 43  5  2 37  3 10 71 13  1 64 15 11 88 10  7 27  7  5 30  9 20 34  2  6 99
20 16 10  5  9 44 17 11 99 10 12 94 13 13 96  9  8 98 18 20 44 12  3  7  4 17 33 16 10 59  8 18 34 15 15 52 19 19  5  3  1  4  6 14 84  2  5 54 11  2  3 14  6 97  1  4 39  7  7  9
18 11  9  3  1 91 12 20 60 14  4  4 15  8 63  2  3  3 17 13 35  5  2 79 10 10 66 20 18 97  6  7 52 13 12 51  7 16 72  4  9 24 11 14 96  9 19 54 16  6 51 19  5 61  1 15 92  8 17 81
 5  1 74 18 15 49  2 19 24 20  9 59 19 18  4 16 11 21 11  3 78 10  6  2  8 12  3  7 10 49 15  2 42  3  5 47  9  7 10  6 17 27 14 14 38  4 16 92 12 20 88 13  8 16 17  4  3  1 13 56
 2  7 80 15  4 10 12 14 26  4 16 78  9 10 69 18 12 91  7 19 82 11  3 77 17  2 73 16  8 96 14  9 19 13 17 38  8  1 83 20  5 50 19 11 31  3  6 87  5 13 67  6 15 99  1 20 69 10 18 77
15  5  4  5 19 31 13 13 96 12 16 77 18  4 80  1 18 68 14 20 74  2 11 86  6 15 30  8 12 54 10  3 25 19  6 47 17  9 10  9 10 16  7  2 83  3  7 62 20 14  3 11  1 38  4 17 87 16  8 19
15 16 98 16 11  2  5  3 58 18 20 30  9  8 22 19 19 55 17  6 80  3  2 69  6  5 77  7 15 40 12  1 17 14 10 98  1 14 25 20 12 41 13 17 62 11  4 28  2  9 52 10 18  5  8  7 25  4 13 37
17 20 93  4  3 63  5 17 23  7 11 58 13  2 92  2 18 70  6  9 90 16 13 29 12  5 26 14 19 69 20  7 41 11  4 65 19 12 34 18  8  4  8  6 73 10  1 79  1 15 58 15 10 14  3 14 97  9 16 71
 2  1 97 15  9 95 13  7 58  4 18 12  6 15 17  9 13 66 18  6 78 16  5 68 10 10 69  1  3 53  8 12 27  3 14 83  7 11 20 11  4 12 20 17 86 14  2 34  5 19 36 12  8 28 19 16 63 17 20 37
13  5 23 17 12 50 12 19 90  4  1  5  1 17 17 10  3 80 20 15 35  9 13  4 19 20 41  7  8 81  5 14 85  6  6 92  2  4 90 18  7 95  8 18 19 11  9 59  3  2 94 14 11 75 15 10 75 16 16 47
14 20  9  9 13  6 13 16 43  2 14 30 11 17 88 16  4 19 12  7 10  6 15 76  1 11 58 15  5 29  3 10 23  4  3 87 10 19 50  5  6 76 17  9 26  7  8 28 18 12 36 20 18 35 19  1  4  8  2 32
10  8 22  6  4 74  8  5 52 12 12 13  4 17 14 19 16 61 20  2 47  2 14 87  3  6 73  9 10 64 13 11 80 14 13 43  1 15 45 18 20 92 16  3 68  5 19 66  7  7 60 15  9 37 17 18 60 11  1 51
19  9 41  9  1 61  5  3 98 16 14 59 18 18 95  6 19 38 14 13 67  2  6 12  1 20 95 13  7 22  4 15 57 12 16 96  8  2 11  7 12 25 11  5 69 17 11 59 15 17 45 10  4 52 20  8 85  3 10 26
15  2 91 12 11 57  8  9 30 11  3 32 20 10 58  6 18 40  7 14 11 13 15 19  3  1 19  9 20 82  4 13 81 14  5 83 10 19 77 19  7 45 17 17 63  5  4 95  2  6 25 18 12 48  1 16 27 16  8 56
 3 14 54  4 13 82 10 20 32 20 19 99 16  8 41 13 11  1  2 18  2 12 16 61  8  5 23  6  4 26 11 12 47  7 15  9  1  1 90 18 17 28 15  9 68 17  3 23 14  2 66  5 10 46  9  6 75 19  7 96
 8  3 68 20 15 60 13 20 46  4 19 35 19 18  9  9  4 89  7 16 96 14  2 42  2 11  2 11 14 86 16  7 90  3  8 52 18 12 10 15 10 25 10 13 59 12 17 55  6  6 30  1  1 33 17  5 18  5  9 80
19 15 73 11 14 41  3 18  9 17 12 64  2 13 79 14  8 31  8  2 79  4  7 44  1  6 14 20 19 73 16  3 59 12  4 57 10 17 67 15 11 47  5 16 13 13  1 35  9  9 72  7  5 74  6 10 56 18 20 85
 2 17 52 11  9 25 16  4 92  5  1 92 14  3 81  8  6 76  9 19 91  7 16 93  3 20 36  4  2 88 15 15 28 19 11 89  1 18  3  6  7 75 17 13 31 13 14 87 20  5 66 10 12 67 18  8 34 12 10 19
15 17 30  3  5 91  6 15 53 10 10 81 20 13 13 14 14 15  7  2 59 16  1 17  5 18 85  1  6 11 19 16 24  4 20  8  8  9 42 18  3 87 12  8 95 13  7 14 11 11 30  2 19 89  9 12 69 17  4 32
17  4 59  5  9 20 18 15 26 16  5 35 11 14 83  4 20 25  3 16 48 14  7 51  8  8 58 13 11 99 20  3  5  6  1 34  9  2 32 10 10 29 15 17 44 19 12 79  7 13 73 12 18 13  2 19 25  1  6  8
 3 20 37 19 18  6 15  8  1 10  5 31 16  2 97  8 10  7 20 17 47  2 19 91  5 11 74  4 13 38 17 12 67  6 15 68  9  1 44  1  7 31 14  9 90 13 16 29 12  3 21  7  6 37 18  4 82 11 14 27
19  4 33 13 12  1 20 19 73  7 20 35  1 15 83 10 16 79  6 17 79 12  2 92  9 14 44  4  3 78 17 18 13  3 10 85 14 11 76 15  5 84  2  1 77  5  7 20 18  8 63  8  9  1 11  6  5 16 13  5
 2  6 50 18  5 11  4 15  8  6 20 14  9  1 34 19 16 20 17  8 58 11  7 32  5 10 56 13 17 74  3 13 71 16  2 12 15  9 79  7 14 78  1 19 26  8 18 38 20  4 72 12  3 83 10 12 51 14 11  9
11 15 45  8  3 13  7  5 31 19 17 91  6  9 40 15 10  5  3 19 91 18  2 24  4 18 96 20  7 72 13 13 83 14  8 98 10 12 83  1 14 22 16 16  8  5  4 28  2 11 93  9  1  5 17  6 82 12 20 65
 8  9 77 13 13 56 11 17 66 18  7 61  6  5 82 19 20  9 12 15 82 10 18 35  7  3 83  3  4 51  5  2 38  4 16 78 15 11 91 16 14 21 20  6 88 14 10 93  1  1 15 17  8 10  2 19 68  9 12 75
17 15 53 10  2 35  3  4 11 18 10 68 11 12 98 20  6 56  8 14 37  4 17 57 15 20 15 19 18 83 16  5  3 12  9 98  7 19 19  2  3 67 14 11 33 13 16 78  5  7 59  9  1  2  1 13 32  6  8 78
17  8 97 18 12 77  8 18 72  4 16 34  9  9 45 14  5 26  5 20 79 20  3 28  3 10 88  6  2 19 19 19 46 16  1 28 15 11 99 13  4 95 11 17 17  2 14 84 12  6 68  7 13 26 10  7 32  1 15 85
20 17 98 15  9 59 19 10 67 18 12 44  1  4 80 17  3 70  9 14 95  5 20 70  8 18  9 10 13 49  7  2 27  4  7 17 12  6  6  6 19 62 14 16 90 11 15 17 13  5 58 16  1 94  2  8 11  3 11 65
 1 14 96  3 10 76 18  4 58  8 15 60 15 19 51 11 16 51 13  8 98 17  1 26  9  2 92 16 13 66  6  6 92 12  9  9 10  5 71  5 18 66 20 11 57 14 17 56  2 12  8  7  3 80  4 20 11 19  7 78
10  1 50 11  6 37 18 14 92  4  8  5  8  3 13  5 10 63 16 12 21 19  5  6  7  2  2  3 18 27  1  4 70 12  9 55  9 20 13 20 16 50 13 15 23 14 13 75 15  7 24 17 17 69  6 11 72  2 19 53
 4  5 94 16 10 25  2 13 21 12 17 57  5  4 16 13  7 17 18  2 70  6 15 34  8  1 42 19  3  6 14 12 94  1  9 80 20  6 74  7 19 71  9 16  8 11 11 51  3 14 87 10  8 86 17 18 37 15 20 93
 6 16 82 11  4  1 14  2 76  2 11 49 12 20 35 15  6 44  3  1 50 10  5 75 19 19 63  1  7  4  5  3 19 16  8 40  4 10 30 20 18 92  8  9 10 18 12 60 17 14 32  9 13 71  7 17 73 13 15 61
 3  6 31  4 20 94 12  1 61 17  4 85  9 16 91  5 14 98  1 11 35  8  7 55 13  9 84 15  8 93 18  3 68 11 19 13 10 15 30 14 18 83  2  2 46  6 13  8 16 17 41 20 10 83 19 12 33  7  5 19
20 15 75 10  1 37 13  6 17  1 10 29 12 12  5 19 19 62 18 13 96 11 20  7  5  8 73  9 14 39 15  9 49 17  4 19  7  2 10  2 17 67 16  7  6 14 18 42  8  5 87  4 11 83  6  3  7  3 16 51
18 14 55 17  1 79 10  9 24  5  4  2  2  7 88 19 16 80 15 18 37 14 10 58  7 15 20  9  5 45  3 17 89  4  6 33 20 19 27 12 11 20  8 20  2 11 13 26 13 12 88  1  8 24  6  2 62 16  3 68
20  6 59 12 14 53  6 15  7  4  8 85  2 19 66 11  1 14 18  2 22  1 10 15  8  3  8  9 11 58 15 17 88 14 18 88 19  9 91  5  4 72  3 16  9 13  5 41 16 13 76  7  7 24 17 20 77 10 12 60
15 11 93 11 14 39 18 16 93  3  3 71  7  7 13 19  5 73  8 10 44  9  1 15 10  2 19 20 19 95  1 20 93  5 13 34 17 12 36 13  8 82  6  9 28  2  4 52 12 18 22 14 17 33  4 15 77 16  6 27
16 19 62  9 18 59  3  7 52 10 15  1 20  2 39 17 17 85  2 16 62 11  3 34 18  4 77  8 14 74 14 13 15 12 12 38 19 20 83  1 11 32  5  1 12  7  8 41 13  6 81  4  5 79 15 10 90  6  9 12
19  9 18  4 17 37 18  1  1  9 13 91 11  3 73 10 20  5 15  6 82  5  5 64 20  2 37 12 11 91 17  8 53  3 18 19 16 16 61 14 14 15  8 19 41  7  4 10 13 15  1  1  7 92  6 10 39  2 12 85
 7  5 20  4 18 65  5 20 20 12 13 22 16  8 69 15  3 41 13 17 46  6 15 53 14  7 61 18 11  1  3  4 92 10 19 38  9  1  7 20  6 95 19 14 47 11 10 58 17  9 52  2  2 25  1 16 70  8 12 35
 4  9 85  3 10 72 18 20 58 17 19 96  1  4 41  7 13 38 10 18 57 19  3 13 16  5 42  6  8 85  9  2 92  2 11 52 15  7 31 20  6  5 11 17 94  5 15 56  8 14 14 13 16 29 14  1 21 12 12 74
 7  7 75 19  6 70  9  8 46  8 13 89 12 18  1  1  9 81  4 17 93 13  3 42 11 10 65 15 11 53 16 20 41 18 19 31 14 16 27 20  5 71  3 14 99 10  1 59  5  4 96 17 15  7  2 12 47  6  2 65
12 11 23 14 18 88 17  6  6 13 20 68 19  4 27 18 10 32 16  3 53 20 13 98  2 14 51  6  1 80  1  2 55  9  9 18 15  7 32  3 17 96 11  5 40  5 15 34  8  8  6  7 19 90  4 16 46 10 12 45
 6  8 40 15 11  1  8 13 11 14  3 19 16 16 84  1 12 36 18 10 37 17 15 79  4  6 45 19  2 61 20 14 80  3  5 67 10 20 25 13  9 48 11 19 32  5  4 39  7 18 32  2  1 33 12  7 34  9 17 27
12  9 25 11  6 17 17 14 45 13 12 73 19  5 37 20 15 38 18 16 45 15  3 91  7  1 34 14  8 13  8 20 57  9 18 95  1 11 84  2  2 11  5 19 52 10 17 54  6 13 90  3  7 89 16 10 49  4  4 11
16  5 84 13 11 87  2 20 91  8 18 64  1 12 55  5 19 32  9  6 82 17 16  8 19  7 74  3  1 55 15  9 17  7 17 24 11 15 24  4  3 38 10  8 88 18 10 60  6 13 60 20  2 94 12 14  1 14  4 31
 1  9 60 19 16 97  5 13 12  6  8 64  4 20 61 20  6 45 13 10 90 11 12 15  7  5 60 14 14 52 16 17 11  3 18 62 18  4 94 17  3  6 10  2 15  9  7 89 12 19  1  8 15 14  2 11 29 15  1 21
19  3 57  1  9 84 12 14 78 15  4 51  6  8 59 20 18 82  2  5 77  5 10 47  4 11 77 16  1  5  7 13 99 11 17 79 10  7 95 17  6 65 18 16 53  9 15 81  8 19 94  3  2 48 14 20 62 13 12 95
15 11  8  1  4 68  2 16 20  3 19 27 10 10  6 11  6 90  8  9 58  4 13 43 14 18 49  6 15 40 20 20 58 17  2 43  7  5 63 16 17 87  9  3 39 13  1 25 12 12 24  5 14 24 19  8 68 18  7 81
 6 15 58  5 19 82 10  6 76 16  5 21 17 13 80  9 14 96 19  2 41  1  3 76 12 11 41 18  7 58 14 10  4 11  9 38 13 20 98  8 12 59  3  4 17  4  1 33  2 16 12 20 18 40  7  8 18 15 17  6
15  5 20 16 12 39 18  7 56 19  1 74  5  4  7 13  6 42 12 17 20 20 15 58 17  3 27  7 18 11  3 16  2  4 19 20  2 11 50 14  2 73 11 20 74  1 10 89  8  8 66 10 13  3  9  9 49  6 14 21
 7  7 38 20  8 48  1 11 54  4  3 83  3  9 64  6  4 14  8 15 51  9 13 85 13 20 21 16 18 83 18 19 15 17 17 52 12  6 75 19  5 52 15 10  2 10 14 70 14  2 74  2  1 94 11 12 80  5 16  1
18  5 99  3  6 64  7 19 19  4  7 41  6  8 99 20  3 86 12  1 80  2  9 33  8 13 31 11 17 65 15 20 56 16 16 99 17 14  9 13  4 64 10 12 61 19 15  5  1 10 20  5 18 65  9 11  2 14  2 99
 3 11 26 20  6 45 15  1 28 19 13 34  4  9 82  1  4 10  2 10 36  7 15 77 18 19 19 10  8 62  6 14 91  5  2 81  8 12 26 17  5 20 14  3 38 11  7  7 13 18 88 16 20 46  9 16 30 12 17 58
 3  7 49 14  1 37  4 10  9 17 14 10 15  3  5 10  5 51 13 15 63  7  6 98 19 19 71  5 12 86 12  8 12 16 20 45  8  2 47 11 11 42  1 16 98  2 17 15  6  4 18 18 18 80 20 13 82  9  9 24
 2 12 56  9 11 92  7 20 77  8  2 96 16  4 34 11  3  9  6 15 36 17 19 18 13  8 42 18 16 33  1 10 39  4  7 63  3 13 74 14 18 32 20  9 44 15  5 28 12  1 61 10 17 78  5 14 15 19  6 54
 5  3 61  1 13  9  9 16 13  2  9  1 18 17 14 13  8 26 20 20 27 12  1 13 19  5 61 15 11 38 17  6 45  4 10 51  7 18 29 14 19 84 16 12 45  3  7  1 11 15 94 10 14 41  8  4 90  6  2 79
 1 14 90  4  9  5 11  3 26 17 17 42 18  1 29 16 12  4  6 19 39  9  4 85  8 10 57 14 20 68 13 18 21  3 16 82  5  6 46  7 13 60  2  2 94 10 11 96 15  8 45 12  7 75 19 15 49 20  5 21
18 18 75 20  6 12 19 20 93  2  8 59  3  5 91 13  3 23 11 13 73  5 12 70  9  2 86 14 10 62  6  4 63 17 15 11  1  1 39  7 14 76  8  9 52  4 17 83 15 11 89 16  7 55 12 16 30 10 19 86
13  2 33 12  1  4  7 11 22  6 19 89  5  7  1  4 20 70 15 10 64  2 14  2  1  6 18  3  5 21  8 12 53  9  9 24 18 15 28 16 16 94 19  8 92 11 18 74 17 17 91 10  4 20 20 13 81 14  3 63
12 19 95 17 16 38  7  8 67 16 13 57  5 20 38 19  4 85 18  3  6 14  1 90 11 11 58  6 12 97 15  2 57  3 17 27  4 10  5  8  9  6 13  5  6 10  6 17  1 14 37  2 18 56 20  7 47  9 15 39